0,11,-1,-1,-1,1,2,-1,-1,-1,-1,-1,-1,-1,-1,-1,-1
1,15,0,-2,0,3,4,5,6,-1,-1,-1,-1,-1,-1,-1,-1
2,10,1,-2,0,7,8,9,10,11,12,13,14,15,16,17,18
3,-1,0,1,1,-1,-1,-1,-1,-1,-1,-1,-1,-1,-1,-1,-1
4,-1,1,1,1,-1,-1,-1,-1,-1,-1,-1,-1,-1,-1,-1,-1
5,-1,2,1,1,-1,-1,-1,-1,-1,-1,-1,-1,-1,-1,-1,-1
6,-1,3,0,1,-1,-1,-1,-1,-1,-1,-1,-1,-1,-1,-1,-1
7,-1,0,1,2,-1,-1,-1,-1,-1,-1,-1,-1,-1,-1,-1,-1
8,-1,1,1,2,-1,-1,-1,-1,-1,-1,-1,-1,-1,-1,-1,-1
9,-1,2,0,2,-1,-1,-1,-1,-1,-1,-1,-1,-1,-1,-1,-1
10,-1,3,1,2,-1,-1,-1,-1,-1,-1,-1,-1,-1,-1,-1,-1
11,-1,4,1,2,-1,-1,-1,-1,-1,-1,-1,-1,-1,-1,-1,-1
12,-1,5,1,2,-1,-1,-1,-1,-1,-1,-1,-1,-1,-1,-1,-1
13,-1,6,1,2,-1,-1,-1,-1,-1,-1,-1,-1,-1,-1,-1,-1
14,-1,7,1,2,-1,-1,-1,-1,-1,-1,-1,-1,-1,-1,-1,-1
15,-1,8,1,2,-1,-1,-1,-1,-1,-1,-1,-1,-1,-1,-1,-1
16,-1,9,1,2,-1,-1,-1,-1,-1,-1,-1,-1,-1,-1,-1,-1
17,-1,10,1,2,-1,-1,-1,-1,-1,-1,-1,-1,-1,-1,-1,-1
18,-1,11,0,2,-1,-1,-1,-1,-1,-1,-1,-1,-1,-1,-1,-1
