0,11,-1,-1,-1,1,2,-1,-1,-1,-1,-1,-1,-1,-1,-1,-1
1,15,0,-2,0,3,4,5,6,-1,-1,-1,-1,-1,-1,-1,-1
2,10,1,-2,0,978,979,980,981,982,983,984,985,986,987,988,989
3,10,0,-2,1,7,8,9,10,11,12,13,14,15,16,17,18
4,10,1,-2,1,561,562,563,564,565,566,567,568,569,570,571,572
5,10,2,-2,1,671,672,673,674,675,676,677,678,679,680,681,682
6,10,3,-2,1,876,877,878,879,880,881,882,883,884,885,886,887
7,1,0,-2,3,19,20,21,22,23,24,25,26,27,28,29,30
8,9,1,-2,3,50,51,-1,-1,-1,-1,-1,-1,-1,-1,-1,-1
9,2,2,-2,3,108,109,110,-1,-1,-1,-1,-1,-1,-1,-1,-1
10,6,3,-2,3,125,126,-1,-1,-1,-1,-1,-1,-1,-1,-1,-1
11,1,4,-2,3,160,161,162,163,164,165,166,167,168,169,170,171
12,1,5,-2,3,232,233,234,235,236,237,238,239,240,241,242,243
13,1,6,-2,3,300,301,302,303,304,305,306,307,308,309,310,311
14,3,7,-2,3,393,394,395,396,-1,-1,-1,-1,-1,-1,-1,-1
15,1,8,-2,3,458,459,460,461,462,463,464,465,466,467,468,469
16,1,9,-2,3,474,475,476,477,478,479,480,481,482,483,484,485
17,1,10,-2,3,494,495,496,497,498,499,500,501,502,503,504,505
18,1,11,-2,3,545,546,547,548,549,550,551,552,553,554,555,556
19,-1,0,1,7,-1,-1,-1,-1,-1,-1,-1,-1,-1,-1,-1,-1
20,-1,1,1,7,-1,-1,-1,-1,-1,-1,-1,-1,-1,-1,-1,-1
21,-1,2,1,7,-1,-1,-1,-1,-1,-1,-1,-1,-1,-1,-1,-1
22,2,3,-2,7,31,32,33,-1,-1,-1,-1,-1,-1,-1,-1,-1
23,-1,4,1,7,-1,-1,-1,-1,-1,-1,-1,-1,-1,-1,-1,-1
24,-1,5,1,7,-1,-1,-1,-1,-1,-1,-1,-1,-1,-1,-1,-1
25,-1,6,1,7,-1,-1,-1,-1,-1,-1,-1,-1,-1,-1,-1,-1
26,3,7,-2,7,36,37,38,39,-1,-1,-1,-1,-1,-1,-1,-1
27,-1,8,1,7,-1,-1,-1,-1,-1,-1,-1,-1,-1,-1,-1,-1
28,9,9,-2,7,40,41,-1,-1,-1,-1,-1,-1,-1,-1,-1,-1
29,3,10,-2,7,46,47,48,49,-1,-1,-1,-1,-1,-1,-1,-1
30,-1,11,1,7,-1,-1,-1,-1,-1,-1,-1,-1,-1,-1,-1,-1
31,-1,0,1,22,-1,-1,-1,-1,-1,-1,-1,-1,-1,-1,-1,-1
32,-1,1,0,22,-1,-1,-1,-1,-1,-1,-1,-1,-1,-1,-1,-1
33,0,2,-2,22,34,35,-1,-1,-1,-1,-1,-1,-1,-1,-1,-1
34,-1,0,1,33,-1,-1,-1,-1,-1,-1,-1,-1,-1,-1,-1,-1
35,-1,1,1,33,-1,-1,-1,-1,-1,-1,-1,-1,-1,-1,-1,-1
36,-1,0,1,26,-1,-1,-1,-1,-1,-1,-1,-1,-1,-1,-1,-1
37,-1,1,1,26,-1,-1,-1,-1,-1,-1,-1,-1,-1,-1,-1,-1
38,-1,2,0,26,-1,-1,-1,-1,-1,-1,-1,-1,-1,-1,-1,-1
39,-1,3,1,26,-1,-1,-1,-1,-1,-1,-1,-1,-1,-1,-1,-1
40,3,0,-2,28,42,43,44,45,-1,-1,-1,-1,-1,-1,-1,-1
41,-1,1,0,28,-1,-1,-1,-1,-1,-1,-1,-1,-1,-1,-1,-1
42,-1,0,1,40,-1,-1,-1,-1,-1,-1,-1,-1,-1,-1,-1,-1
43,-1,1,1,40,-1,-1,-1,-1,-1,-1,-1,-1,-1,-1,-1,-1
44,-1,2,1,40,-1,-1,-1,-1,-1,-1,-1,-1,-1,-1,-1,-1
45,-1,3,1,40,-1,-1,-1,-1,-1,-1,-1,-1,-1,-1,-1,-1
46,-1,0,1,29,-1,-1,-1,-1,-1,-1,-1,-1,-1,-1,-1,-1
47,-1,1,1,29,-1,-1,-1,-1,-1,-1,-1,-1,-1,-1,-1,-1
48,-1,2,1,29,-1,-1,-1,-1,-1,-1,-1,-1,-1,-1,-1,-1
49,-1,3,0,29,-1,-1,-1,-1,-1,-1,-1,-1,-1,-1,-1,-1
50,1,0,-2,8,52,53,54,55,56,57,58,59,60,61,62,63
51,1,1,-2,8,72,73,74,75,76,77,78,79,80,81,82,83
52,-1,0,1,50,-1,-1,-1,-1,-1,-1,-1,-1,-1,-1,-1,-1
53,-1,1,1,50,-1,-1,-1,-1,-1,-1,-1,-1,-1,-1,-1,-1
54,-1,2,1,50,-1,-1,-1,-1,-1,-1,-1,-1,-1,-1,-1,-1
55,0,3,-2,50,64,65,-1,-1,-1,-1,-1,-1,-1,-1,-1,-1
56,-1,4,1,50,-1,-1,-1,-1,-1,-1,-1,-1,-1,-1,-1,-1
57,-1,5,1,50,-1,-1,-1,-1,-1,-1,-1,-1,-1,-1,-1,-1
58,-1,6,1,50,-1,-1,-1,-1,-1,-1,-1,-1,-1,-1,-1,-1
59,-1,7,1,50,-1,-1,-1,-1,-1,-1,-1,-1,-1,-1,-1,-1
60,-1,8,0,50,-1,-1,-1,-1,-1,-1,-1,-1,-1,-1,-1,-1
61,3,9,-2,50,66,67,68,69,-1,-1,-1,-1,-1,-1,-1,-1
62,5,10,-2,50,70,71,-1,-1,-1,-1,-1,-1,-1,-1,-1,-1
63,-1,11,1,50,-1,-1,-1,-1,-1,-1,-1,-1,-1,-1,-1,-1
64,-1,0,1,55,-1,-1,-1,-1,-1,-1,-1,-1,-1,-1,-1,-1
65,-1,1,1,55,-1,-1,-1,-1,-1,-1,-1,-1,-1,-1,-1,-1
66,-1,0,1,61,-1,-1,-1,-1,-1,-1,-1,-1,-1,-1,-1,-1
67,-1,1,1,61,-1,-1,-1,-1,-1,-1,-1,-1,-1,-1,-1,-1
68,-1,2,1,61,-1,-1,-1,-1,-1,-1,-1,-1,-1,-1,-1,-1
69,-1,3,1,61,-1,-1,-1,-1,-1,-1,-1,-1,-1,-1,-1,-1
70,-1,0,1,62,-1,-1,-1,-1,-1,-1,-1,-1,-1,-1,-1,-1
71,-1,1,1,62,-1,-1,-1,-1,-1,-1,-1,-1,-1,-1,-1,-1
72,-1,0,1,51,-1,-1,-1,-1,-1,-1,-1,-1,-1,-1,-1,-1
73,-1,1,1,51,-1,-1,-1,-1,-1,-1,-1,-1,-1,-1,-1,-1
74,3,2,-2,51,84,85,86,87,-1,-1,-1,-1,-1,-1,-1,-1
75,7,3,-2,51,88,89,-1,-1,-1,-1,-1,-1,-1,-1,-1,-1
76,2,4,-2,51,90,91,92,-1,-1,-1,-1,-1,-1,-1,-1,-1
77,3,5,-2,51,93,94,95,96,-1,-1,-1,-1,-1,-1,-1,-1
78,-1,6,1,51,-1,-1,-1,-1,-1,-1,-1,-1,-1,-1,-1,-1
79,3,7,-2,51,97,98,99,100,-1,-1,-1,-1,-1,-1,-1,-1
80,-1,8,1,51,-1,-1,-1,-1,-1,-1,-1,-1,-1,-1,-1,-1
81,12,9,-2,51,101,102,-1,-1,-1,-1,-1,-1,-1,-1,-1,-1
82,2,10,-2,51,103,104,105,-1,-1,-1,-1,-1,-1,-1,-1,-1
83,0,11,-2,51,106,107,-1,-1,-1,-1,-1,-1,-1,-1,-1,-1
84,-1,0,1,74,-1,-1,-1,-1,-1,-1,-1,-1,-1,-1,-1,-1
85,-1,1,1,74,-1,-1,-1,-1,-1,-1,-1,-1,-1,-1,-1,-1
86,-1,2,1,74,-1,-1,-1,-1,-1,-1,-1,-1,-1,-1,-1,-1
87,-1,3,1,74,-1,-1,-1,-1,-1,-1,-1,-1,-1,-1,-1,-1
88,-1,0,1,75,-1,-1,-1,-1,-1,-1,-1,-1,-1,-1,-1,-1
89,-1,1,1,75,-1,-1,-1,-1,-1,-1,-1,-1,-1,-1,-1,-1
90,-1,0,1,76,-1,-1,-1,-1,-1,-1,-1,-1,-1,-1,-1,-1
91,-1,1,1,76,-1,-1,-1,-1,-1,-1,-1,-1,-1,-1,-1,-1
92,-1,2,1,76,-1,-1,-1,-1,-1,-1,-1,-1,-1,-1,-1,-1
93,-1,0,1,77,-1,-1,-1,-1,-1,-1,-1,-1,-1,-1,-1,-1
94,-1,1,1,77,-1,-1,-1,-1,-1,-1,-1,-1,-1,-1,-1,-1
95,-1,2,1,77,-1,-1,-1,-1,-1,-1,-1,-1,-1,-1,-1,-1
96,-1,3,1,77,-1,-1,-1,-1,-1,-1,-1,-1,-1,-1,-1,-1
97,-1,0,1,79,-1,-1,-1,-1,-1,-1,-1,-1,-1,-1,-1,-1
98,-1,1,1,79,-1,-1,-1,-1,-1,-1,-1,-1,-1,-1,-1,-1
99,-1,2,1,79,-1,-1,-1,-1,-1,-1,-1,-1,-1,-1,-1,-1
100,-1,3,1,79,-1,-1,-1,-1,-1,-1,-1,-1,-1,-1,-1,-1
101,-1,0,1,81,-1,-1,-1,-1,-1,-1,-1,-1,-1,-1,-1,-1
102,-1,1,1,81,-1,-1,-1,-1,-1,-1,-1,-1,-1,-1,-1,-1
103,-1,0,1,82,-1,-1,-1,-1,-1,-1,-1,-1,-1,-1,-1,-1
104,-1,1,1,82,-1,-1,-1,-1,-1,-1,-1,-1,-1,-1,-1,-1
105,-1,2,1,82,-1,-1,-1,-1,-1,-1,-1,-1,-1,-1,-1,-1
106,-1,0,1,83,-1,-1,-1,-1,-1,-1,-1,-1,-1,-1,-1,-1
107,-1,1,1,83,-1,-1,-1,-1,-1,-1,-1,-1,-1,-1,-1,-1
108,9,0,-2,9,111,112,-1,-1,-1,-1,-1,-1,-1,-1,-1,-1
109,-1,1,1,9,-1,-1,-1,-1,-1,-1,-1,-1,-1,-1,-1,-1
110,-1,2,0,9,-1,-1,-1,-1,-1,-1,-1,-1,-1,-1,-1,-1
111,1,0,-2,108,113,114,115,116,117,118,119,120,121,122,123,124
112,-1,1,0,108,-1,-1,-1,-1,-1,-1,-1,-1,-1,-1,-1,-1
113,-1,0,1,111,-1,-1,-1,-1,-1,-1,-1,-1,-1,-1,-1,-1
114,-1,1,1,111,-1,-1,-1,-1,-1,-1,-1,-1,-1,-1,-1,-1
115,-1,2,1,111,-1,-1,-1,-1,-1,-1,-1,-1,-1,-1,-1,-1
116,-1,3,1,111,-1,-1,-1,-1,-1,-1,-1,-1,-1,-1,-1,-1
117,-1,4,1,111,-1,-1,-1,-1,-1,-1,-1,-1,-1,-1,-1,-1
118,-1,5,1,111,-1,-1,-1,-1,-1,-1,-1,-1,-1,-1,-1,-1
119,-1,6,1,111,-1,-1,-1,-1,-1,-1,-1,-1,-1,-1,-1,-1
120,-1,7,1,111,-1,-1,-1,-1,-1,-1,-1,-1,-1,-1,-1,-1
121,-1,8,1,111,-1,-1,-1,-1,-1,-1,-1,-1,-1,-1,-1,-1
122,-1,9,1,111,-1,-1,-1,-1,-1,-1,-1,-1,-1,-1,-1,-1
123,-1,10,1,111,-1,-1,-1,-1,-1,-1,-1,-1,-1,-1,-1,-1
124,-1,11,1,111,-1,-1,-1,-1,-1,-1,-1,-1,-1,-1,-1,-1
125,7,0,-2,10,127,128,-1,-1,-1,-1,-1,-1,-1,-1,-1,-1
126,1,1,-2,10,133,134,135,136,137,138,139,140,141,142,143,144
127,-1,0,1,125,-1,-1,-1,-1,-1,-1,-1,-1,-1,-1,-1,-1
128,3,1,-2,125,129,130,131,132,-1,-1,-1,-1,-1,-1,-1,-1
129,-1,0,1,128,-1,-1,-1,-1,-1,-1,-1,-1,-1,-1,-1,-1
130,-1,1,1,128,-1,-1,-1,-1,-1,-1,-1,-1,-1,-1,-1,-1
131,-1,2,1,128,-1,-1,-1,-1,-1,-1,-1,-1,-1,-1,-1,-1
132,-1,3,1,128,-1,-1,-1,-1,-1,-1,-1,-1,-1,-1,-1,-1
133,-1,0,1,126,-1,-1,-1,-1,-1,-1,-1,-1,-1,-1,-1,-1
134,-1,1,1,126,-1,-1,-1,-1,-1,-1,-1,-1,-1,-1,-1,-1
135,-1,2,0,126,-1,-1,-1,-1,-1,-1,-1,-1,-1,-1,-1,-1
136,2,3,-2,126,145,146,147,-1,-1,-1,-1,-1,-1,-1,-1,-1
137,-1,4,1,126,-1,-1,-1,-1,-1,-1,-1,-1,-1,-1,-1,-1
138,-1,5,0,126,-1,-1,-1,-1,-1,-1,-1,-1,-1,-1,-1,-1
139,3,6,-2,126,148,149,150,151,-1,-1,-1,-1,-1,-1,-1,-1
140,3,7,-2,126,152,153,154,155,-1,-1,-1,-1,-1,-1,-1,-1
141,-1,8,1,126,-1,-1,-1,-1,-1,-1,-1,-1,-1,-1,-1,-1
142,12,9,-2,126,156,157,-1,-1,-1,-1,-1,-1,-1,-1,-1,-1
143,0,10,-2,126,158,159,-1,-1,-1,-1,-1,-1,-1,-1,-1,-1
144,-1,11,1,126,-1,-1,-1,-1,-1,-1,-1,-1,-1,-1,-1,-1
145,-1,0,1,136,-1,-1,-1,-1,-1,-1,-1,-1,-1,-1,-1,-1
146,-1,1,1,136,-1,-1,-1,-1,-1,-1,-1,-1,-1,-1,-1,-1
147,-1,2,1,136,-1,-1,-1,-1,-1,-1,-1,-1,-1,-1,-1,-1
148,-1,0,1,139,-1,-1,-1,-1,-1,-1,-1,-1,-1,-1,-1,-1
149,-1,1,1,139,-1,-1,-1,-1,-1,-1,-1,-1,-1,-1,-1,-1
150,-1,2,1,139,-1,-1,-1,-1,-1,-1,-1,-1,-1,-1,-1,-1
151,-1,3,1,139,-1,-1,-1,-1,-1,-1,-1,-1,-1,-1,-1,-1
152,-1,0,1,140,-1,-1,-1,-1,-1,-1,-1,-1,-1,-1,-1,-1
153,-1,1,1,140,-1,-1,-1,-1,-1,-1,-1,-1,-1,-1,-1,-1
154,-1,2,1,140,-1,-1,-1,-1,-1,-1,-1,-1,-1,-1,-1,-1
155,-1,3,1,140,-1,-1,-1,-1,-1,-1,-1,-1,-1,-1,-1,-1
156,-1,0,1,142,-1,-1,-1,-1,-1,-1,-1,-1,-1,-1,-1,-1
157,-1,1,1,142,-1,-1,-1,-1,-1,-1,-1,-1,-1,-1,-1,-1
158,-1,0,1,143,-1,-1,-1,-1,-1,-1,-1,-1,-1,-1,-1,-1
159,-1,1,1,143,-1,-1,-1,-1,-1,-1,-1,-1,-1,-1,-1,-1
160,-1,0,1,11,-1,-1,-1,-1,-1,-1,-1,-1,-1,-1,-1,-1
161,-1,1,1,11,-1,-1,-1,-1,-1,-1,-1,-1,-1,-1,-1,-1
162,6,2,-2,11,172,173,-1,-1,-1,-1,-1,-1,-1,-1,-1,-1
163,3,3,-2,11,177,178,179,180,-1,-1,-1,-1,-1,-1,-1,-1
164,-1,4,1,11,-1,-1,-1,-1,-1,-1,-1,-1,-1,-1,-1,-1
165,3,5,-2,11,183,184,185,186,-1,-1,-1,-1,-1,-1,-1,-1
166,3,6,-2,11,192,193,194,195,-1,-1,-1,-1,-1,-1,-1,-1
167,3,7,-2,11,198,199,200,201,-1,-1,-1,-1,-1,-1,-1,-1
168,2,8,-2,11,210,211,212,-1,-1,-1,-1,-1,-1,-1,-1,-1
169,3,9,-2,11,217,218,219,220,-1,-1,-1,-1,-1,-1,-1,-1
170,5,10,-2,11,223,224,-1,-1,-1,-1,-1,-1,-1,-1,-1,-1
171,7,11,-2,11,228,229,-1,-1,-1,-1,-1,-1,-1,-1,-1,-1
172,-1,0,1,162,-1,-1,-1,-1,-1,-1,-1,-1,-1,-1,-1,-1
173,2,1,-2,162,174,175,176,-1,-1,-1,-1,-1,-1,-1,-1,-1
174,-1,0,1,173,-1,-1,-1,-1,-1,-1,-1,-1,-1,-1,-1,-1
175,-1,1,1,173,-1,-1,-1,-1,-1,-1,-1,-1,-1,-1,-1,-1
176,-1,2,1,173,-1,-1,-1,-1,-1,-1,-1,-1,-1,-1,-1,-1
177,-1,0,1,163,-1,-1,-1,-1,-1,-1,-1,-1,-1,-1,-1,-1
178,-1,1,1,163,-1,-1,-1,-1,-1,-1,-1,-1,-1,-1,-1,-1
179,-1,2,1,163,-1,-1,-1,-1,-1,-1,-1,-1,-1,-1,-1,-1
180,5,3,-2,163,181,182,-1,-1,-1,-1,-1,-1,-1,-1,-1,-1
181,-1,0,1,180,-1,-1,-1,-1,-1,-1,-1,-1,-1,-1,-1,-1
182,-1,1,1,180,-1,-1,-1,-1,-1,-1,-1,-1,-1,-1,-1,-1
183,5,0,-2,165,187,188,-1,-1,-1,-1,-1,-1,-1,-1,-1,-1
184,2,1,-2,165,189,190,191,-1,-1,-1,-1,-1,-1,-1,-1,-1
185,-1,2,1,165,-1,-1,-1,-1,-1,-1,-1,-1,-1,-1,-1,-1
186,-1,3,1,165,-1,-1,-1,-1,-1,-1,-1,-1,-1,-1,-1,-1
187,-1,0,1,183,-1,-1,-1,-1,-1,-1,-1,-1,-1,-1,-1,-1
188,-1,1,1,183,-1,-1,-1,-1,-1,-1,-1,-1,-1,-1,-1,-1
189,-1,0,1,184,-1,-1,-1,-1,-1,-1,-1,-1,-1,-1,-1,-1
190,-1,1,1,184,-1,-1,-1,-1,-1,-1,-1,-1,-1,-1,-1,-1
191,-1,2,1,184,-1,-1,-1,-1,-1,-1,-1,-1,-1,-1,-1,-1
192,-1,0,1,166,-1,-1,-1,-1,-1,-1,-1,-1,-1,-1,-1,-1
193,-1,1,1,166,-1,-1,-1,-1,-1,-1,-1,-1,-1,-1,-1,-1
194,-1,2,1,166,-1,-1,-1,-1,-1,-1,-1,-1,-1,-1,-1,-1
195,9,3,-2,166,196,197,-1,-1,-1,-1,-1,-1,-1,-1,-1,-1
196,-1,0,1,195,-1,-1,-1,-1,-1,-1,-1,-1,-1,-1,-1,-1
197,-1,1,1,195,-1,-1,-1,-1,-1,-1,-1,-1,-1,-1,-1,-1
198,-1,0,1,167,-1,-1,-1,-1,-1,-1,-1,-1,-1,-1,-1,-1
199,7,1,-2,167,202,203,-1,-1,-1,-1,-1,-1,-1,-1,-1,-1
200,2,2,-2,167,204,205,206,-1,-1,-1,-1,-1,-1,-1,-1,-1
201,2,3,-2,167,207,208,209,-1,-1,-1,-1,-1,-1,-1,-1,-1
202,-1,0,1,199,-1,-1,-1,-1,-1,-1,-1,-1,-1,-1,-1,-1
203,-1,1,1,199,-1,-1,-1,-1,-1,-1,-1,-1,-1,-1,-1,-1
204,-1,0,1,200,-1,-1,-1,-1,-1,-1,-1,-1,-1,-1,-1,-1
205,-1,1,1,200,-1,-1,-1,-1,-1,-1,-1,-1,-1,-1,-1,-1
206,-1,2,1,200,-1,-1,-1,-1,-1,-1,-1,-1,-1,-1,-1,-1
207,-1,0,1,201,-1,-1,-1,-1,-1,-1,-1,-1,-1,-1,-1,-1
208,-1,1,1,201,-1,-1,-1,-1,-1,-1,-1,-1,-1,-1,-1,-1
209,-1,2,1,201,-1,-1,-1,-1,-1,-1,-1,-1,-1,-1,-1,-1
210,-1,0,1,168,-1,-1,-1,-1,-1,-1,-1,-1,-1,-1,-1,-1
211,0,1,-2,168,213,214,-1,-1,-1,-1,-1,-1,-1,-1,-1,-1
212,5,2,-2,168,215,216,-1,-1,-1,-1,-1,-1,-1,-1,-1,-1
213,-1,0,1,211,-1,-1,-1,-1,-1,-1,-1,-1,-1,-1,-1,-1
214,-1,1,1,211,-1,-1,-1,-1,-1,-1,-1,-1,-1,-1,-1,-1
215,-1,0,1,212,-1,-1,-1,-1,-1,-1,-1,-1,-1,-1,-1,-1
216,-1,1,1,212,-1,-1,-1,-1,-1,-1,-1,-1,-1,-1,-1,-1
217,-1,0,1,169,-1,-1,-1,-1,-1,-1,-1,-1,-1,-1,-1,-1
218,-1,1,1,169,-1,-1,-1,-1,-1,-1,-1,-1,-1,-1,-1,-1
219,-1,2,1,169,-1,-1,-1,-1,-1,-1,-1,-1,-1,-1,-1,-1
220,9,3,-2,169,221,222,-1,-1,-1,-1,-1,-1,-1,-1,-1,-1
221,-1,0,1,220,-1,-1,-1,-1,-1,-1,-1,-1,-1,-1,-1,-1
222,-1,1,1,220,-1,-1,-1,-1,-1,-1,-1,-1,-1,-1,-1,-1
223,2,0,-2,170,225,226,227,-1,-1,-1,-1,-1,-1,-1,-1,-1
224,-1,1,1,170,-1,-1,-1,-1,-1,-1,-1,-1,-1,-1,-1,-1
225,-1,0,1,223,-1,-1,-1,-1,-1,-1,-1,-1,-1,-1,-1,-1
226,-1,1,1,223,-1,-1,-1,-1,-1,-1,-1,-1,-1,-1,-1,-1
227,-1,2,1,223,-1,-1,-1,-1,-1,-1,-1,-1,-1,-1,-1,-1
228,-1,0,1,171,-1,-1,-1,-1,-1,-1,-1,-1,-1,-1,-1,-1
229,12,1,-2,171,230,231,-1,-1,-1,-1,-1,-1,-1,-1,-1,-1
230,-1,0,1,229,-1,-1,-1,-1,-1,-1,-1,-1,-1,-1,-1,-1
231,-1,1,1,229,-1,-1,-1,-1,-1,-1,-1,-1,-1,-1,-1,-1
232,-1,0,1,12,-1,-1,-1,-1,-1,-1,-1,-1,-1,-1,-1,-1
233,-1,1,1,12,-1,-1,-1,-1,-1,-1,-1,-1,-1,-1,-1,-1
234,2,2,-2,12,244,245,246,-1,-1,-1,-1,-1,-1,-1,-1,-1
235,3,3,-2,12,249,250,251,252,-1,-1,-1,-1,-1,-1,-1,-1
236,0,4,-2,12,255,256,-1,-1,-1,-1,-1,-1,-1,-1,-1,-1
237,2,5,-2,12,260,261,262,-1,-1,-1,-1,-1,-1,-1,-1,-1
238,-1,6,0,12,-1,-1,-1,-1,-1,-1,-1,-1,-1,-1,-1,-1
239,12,7,-2,12,267,268,-1,-1,-1,-1,-1,-1,-1,-1,-1,-1
240,2,8,-2,12,273,274,275,-1,-1,-1,-1,-1,-1,-1,-1,-1
241,2,9,-2,12,280,281,282,-1,-1,-1,-1,-1,-1,-1,-1,-1
242,9,10,-2,12,287,288,-1,-1,-1,-1,-1,-1,-1,-1,-1,-1
243,12,11,-2,12,292,293,-1,-1,-1,-1,-1,-1,-1,-1,-1,-1
244,-1,0,1,234,-1,-1,-1,-1,-1,-1,-1,-1,-1,-1,-1,-1
245,-1,1,1,234,-1,-1,-1,-1,-1,-1,-1,-1,-1,-1,-1,-1
246,0,2,-2,234,247,248,-1,-1,-1,-1,-1,-1,-1,-1,-1,-1
247,-1,0,1,246,-1,-1,-1,-1,-1,-1,-1,-1,-1,-1,-1,-1
248,-1,1,1,246,-1,-1,-1,-1,-1,-1,-1,-1,-1,-1,-1,-1
249,-1,0,1,235,-1,-1,-1,-1,-1,-1,-1,-1,-1,-1,-1,-1
250,-1,1,1,235,-1,-1,-1,-1,-1,-1,-1,-1,-1,-1,-1,-1
251,-1,2,1,235,-1,-1,-1,-1,-1,-1,-1,-1,-1,-1,-1,-1
252,12,3,-2,235,253,254,-1,-1,-1,-1,-1,-1,-1,-1,-1,-1
253,-1,0,1,252,-1,-1,-1,-1,-1,-1,-1,-1,-1,-1,-1,-1
254,-1,1,1,252,-1,-1,-1,-1,-1,-1,-1,-1,-1,-1,-1,-1
255,-1,0,1,236,-1,-1,-1,-1,-1,-1,-1,-1,-1,-1,-1,-1
256,2,1,-2,236,257,258,259,-1,-1,-1,-1,-1,-1,-1,-1,-1
257,-1,0,1,256,-1,-1,-1,-1,-1,-1,-1,-1,-1,-1,-1,-1
258,-1,1,1,256,-1,-1,-1,-1,-1,-1,-1,-1,-1,-1,-1,-1
259,-1,2,1,256,-1,-1,-1,-1,-1,-1,-1,-1,-1,-1,-1,-1
260,3,0,-2,237,263,264,265,266,-1,-1,-1,-1,-1,-1,-1,-1
261,-1,1,1,237,-1,-1,-1,-1,-1,-1,-1,-1,-1,-1,-1,-1
262,-1,2,1,237,-1,-1,-1,-1,-1,-1,-1,-1,-1,-1,-1,-1
263,-1,0,1,260,-1,-1,-1,-1,-1,-1,-1,-1,-1,-1,-1,-1
264,-1,1,1,260,-1,-1,-1,-1,-1,-1,-1,-1,-1,-1,-1,-1
265,-1,2,1,260,-1,-1,-1,-1,-1,-1,-1,-1,-1,-1,-1,-1
266,-1,3,1,260,-1,-1,-1,-1,-1,-1,-1,-1,-1,-1,-1,-1
267,7,0,-2,239,269,270,-1,-1,-1,-1,-1,-1,-1,-1,-1,-1
268,0,1,-2,239,271,272,-1,-1,-1,-1,-1,-1,-1,-1,-1,-1
269,-1,0,1,267,-1,-1,-1,-1,-1,-1,-1,-1,-1,-1,-1,-1
270,-1,1,1,267,-1,-1,-1,-1,-1,-1,-1,-1,-1,-1,-1,-1
271,-1,0,1,268,-1,-1,-1,-1,-1,-1,-1,-1,-1,-1,-1,-1
272,-1,1,1,268,-1,-1,-1,-1,-1,-1,-1,-1,-1,-1,-1,-1
273,4,0,-2,240,276,277,-1,-1,-1,-1,-1,-1,-1,-1,-1,-1
274,-1,1,1,240,-1,-1,-1,-1,-1,-1,-1,-1,-1,-1,-1,-1
275,0,2,-2,240,278,279,-1,-1,-1,-1,-1,-1,-1,-1,-1,-1
276,-1,0,1,273,-1,-1,-1,-1,-1,-1,-1,-1,-1,-1,-1,-1
277,-1,1,1,273,-1,-1,-1,-1,-1,-1,-1,-1,-1,-1,-1,-1
278,-1,0,1,275,-1,-1,-1,-1,-1,-1,-1,-1,-1,-1,-1,-1
279,-1,1,1,275,-1,-1,-1,-1,-1,-1,-1,-1,-1,-1,-1,-1
280,3,0,-2,241,283,284,285,286,-1,-1,-1,-1,-1,-1,-1,-1
281,-1,1,1,241,-1,-1,-1,-1,-1,-1,-1,-1,-1,-1,-1,-1
282,-1,2,1,241,-1,-1,-1,-1,-1,-1,-1,-1,-1,-1,-1,-1
283,-1,0,1,280,-1,-1,-1,-1,-1,-1,-1,-1,-1,-1,-1,-1
284,-1,1,1,280,-1,-1,-1,-1,-1,-1,-1,-1,-1,-1,-1,-1
285,-1,2,1,280,-1,-1,-1,-1,-1,-1,-1,-1,-1,-1,-1,-1
286,-1,3,1,280,-1,-1,-1,-1,-1,-1,-1,-1,-1,-1,-1,-1
287,-1,0,1,242,-1,-1,-1,-1,-1,-1,-1,-1,-1,-1,-1,-1
288,2,1,-2,242,289,290,291,-1,-1,-1,-1,-1,-1,-1,-1,-1
289,-1,0,1,288,-1,-1,-1,-1,-1,-1,-1,-1,-1,-1,-1,-1
290,-1,1,1,288,-1,-1,-1,-1,-1,-1,-1,-1,-1,-1,-1,-1
291,-1,2,1,288,-1,-1,-1,-1,-1,-1,-1,-1,-1,-1,-1,-1
292,2,0,-2,243,294,295,296,-1,-1,-1,-1,-1,-1,-1,-1,-1
293,2,1,-2,243,297,298,299,-1,-1,-1,-1,-1,-1,-1,-1,-1
294,-1,0,1,292,-1,-1,-1,-1,-1,-1,-1,-1,-1,-1,-1,-1
295,-1,1,1,292,-1,-1,-1,-1,-1,-1,-1,-1,-1,-1,-1,-1
296,-1,2,1,292,-1,-1,-1,-1,-1,-1,-1,-1,-1,-1,-1,-1
297,-1,0,1,293,-1,-1,-1,-1,-1,-1,-1,-1,-1,-1,-1,-1
298,-1,1,1,293,-1,-1,-1,-1,-1,-1,-1,-1,-1,-1,-1,-1
299,-1,2,1,293,-1,-1,-1,-1,-1,-1,-1,-1,-1,-1,-1,-1
300,-1,0,1,13,-1,-1,-1,-1,-1,-1,-1,-1,-1,-1,-1,-1
301,-1,1,1,13,-1,-1,-1,-1,-1,-1,-1,-1,-1,-1,-1,-1
302,3,2,-2,13,312,313,314,315,-1,-1,-1,-1,-1,-1,-1,-1
303,3,3,-2,13,320,321,322,323,-1,-1,-1,-1,-1,-1,-1,-1
304,5,4,-2,13,332,333,-1,-1,-1,-1,-1,-1,-1,-1,-1,-1
305,2,5,-2,13,337,338,339,-1,-1,-1,-1,-1,-1,-1,-1,-1
306,-1,6,0,13,-1,-1,-1,-1,-1,-1,-1,-1,-1,-1,-1,-1
307,7,7,-2,13,346,347,-1,-1,-1,-1,-1,-1,-1,-1,-1,-1
308,2,8,-2,13,356,357,358,-1,-1,-1,-1,-1,-1,-1,-1,-1
309,2,9,-2,13,367,368,369,-1,-1,-1,-1,-1,-1,-1,-1,-1
310,2,10,-2,13,376,377,378,-1,-1,-1,-1,-1,-1,-1,-1,-1
311,3,11,-2,13,383,384,385,386,-1,-1,-1,-1,-1,-1,-1,-1
312,5,0,-2,302,316,317,-1,-1,-1,-1,-1,-1,-1,-1,-1,-1
313,9,1,-2,302,318,319,-1,-1,-1,-1,-1,-1,-1,-1,-1,-1
314,-1,2,1,302,-1,-1,-1,-1,-1,-1,-1,-1,-1,-1,-1,-1
315,-1,3,0,302,-1,-1,-1,-1,-1,-1,-1,-1,-1,-1,-1,-1
316,-1,0,1,312,-1,-1,-1,-1,-1,-1,-1,-1,-1,-1,-1,-1
317,-1,1,1,312,-1,-1,-1,-1,-1,-1,-1,-1,-1,-1,-1,-1
318,-1,0,1,313,-1,-1,-1,-1,-1,-1,-1,-1,-1,-1,-1,-1
319,-1,1,1,313,-1,-1,-1,-1,-1,-1,-1,-1,-1,-1,-1,-1
320,0,0,-2,303,324,325,-1,-1,-1,-1,-1,-1,-1,-1,-1,-1
321,2,1,-2,303,326,327,328,-1,-1,-1,-1,-1,-1,-1,-1,-1
322,-1,2,1,303,-1,-1,-1,-1,-1,-1,-1,-1,-1,-1,-1,-1
323,2,3,-2,303,329,330,331,-1,-1,-1,-1,-1,-1,-1,-1,-1
324,-1,0,1,320,-1,-1,-1,-1,-1,-1,-1,-1,-1,-1,-1,-1
325,-1,1,1,320,-1,-1,-1,-1,-1,-1,-1,-1,-1,-1,-1,-1
326,-1,0,1,321,-1,-1,-1,-1,-1,-1,-1,-1,-1,-1,-1,-1
327,-1,1,1,321,-1,-1,-1,-1,-1,-1,-1,-1,-1,-1,-1,-1
328,-1,2,1,321,-1,-1,-1,-1,-1,-1,-1,-1,-1,-1,-1,-1
329,-1,0,1,323,-1,-1,-1,-1,-1,-1,-1,-1,-1,-1,-1,-1
330,-1,1,1,323,-1,-1,-1,-1,-1,-1,-1,-1,-1,-1,-1,-1
331,-1,2,1,323,-1,-1,-1,-1,-1,-1,-1,-1,-1,-1,-1,-1
332,2,0,-2,304,334,335,336,-1,-1,-1,-1,-1,-1,-1,-1,-1
333,-1,1,1,304,-1,-1,-1,-1,-1,-1,-1,-1,-1,-1,-1,-1
334,-1,0,1,332,-1,-1,-1,-1,-1,-1,-1,-1,-1,-1,-1,-1
335,-1,1,1,332,-1,-1,-1,-1,-1,-1,-1,-1,-1,-1,-1,-1
336,-1,2,1,332,-1,-1,-1,-1,-1,-1,-1,-1,-1,-1,-1,-1
337,3,0,-2,305,340,341,342,343,-1,-1,-1,-1,-1,-1,-1,-1
338,6,1,-2,305,344,345,-1,-1,-1,-1,-1,-1,-1,-1,-1,-1
339,-1,2,1,305,-1,-1,-1,-1,-1,-1,-1,-1,-1,-1,-1,-1
340,-1,0,1,337,-1,-1,-1,-1,-1,-1,-1,-1,-1,-1,-1,-1
341,-1,1,1,337,-1,-1,-1,-1,-1,-1,-1,-1,-1,-1,-1,-1
342,-1,2,1,337,-1,-1,-1,-1,-1,-1,-1,-1,-1,-1,-1,-1
343,-1,3,1,337,-1,-1,-1,-1,-1,-1,-1,-1,-1,-1,-1,-1
344,-1,0,1,338,-1,-1,-1,-1,-1,-1,-1,-1,-1,-1,-1,-1
345,-1,1,1,338,-1,-1,-1,-1,-1,-1,-1,-1,-1,-1,-1,-1
346,3,0,-2,307,348,349,350,351,-1,-1,-1,-1,-1,-1,-1,-1
347,3,1,-2,307,352,353,354,355,-1,-1,-1,-1,-1,-1,-1,-1
348,-1,0,1,346,-1,-1,-1,-1,-1,-1,-1,-1,-1,-1,-1,-1
349,-1,1,1,346,-1,-1,-1,-1,-1,-1,-1,-1,-1,-1,-1,-1
350,-1,2,1,346,-1,-1,-1,-1,-1,-1,-1,-1,-1,-1,-1,-1
351,-1,3,1,346,-1,-1,-1,-1,-1,-1,-1,-1,-1,-1,-1,-1
352,-1,0,1,347,-1,-1,-1,-1,-1,-1,-1,-1,-1,-1,-1,-1
353,-1,1,1,347,-1,-1,-1,-1,-1,-1,-1,-1,-1,-1,-1,-1
354,-1,2,1,347,-1,-1,-1,-1,-1,-1,-1,-1,-1,-1,-1,-1
355,-1,3,1,347,-1,-1,-1,-1,-1,-1,-1,-1,-1,-1,-1,-1
356,3,0,-2,308,359,360,361,362,-1,-1,-1,-1,-1,-1,-1,-1
357,3,1,-2,308,363,364,365,366,-1,-1,-1,-1,-1,-1,-1,-1
358,-1,2,0,308,-1,-1,-1,-1,-1,-1,-1,-1,-1,-1,-1,-1
359,-1,0,1,356,-1,-1,-1,-1,-1,-1,-1,-1,-1,-1,-1,-1
360,-1,1,1,356,-1,-1,-1,-1,-1,-1,-1,-1,-1,-1,-1,-1
361,-1,2,1,356,-1,-1,-1,-1,-1,-1,-1,-1,-1,-1,-1,-1
362,-1,3,1,356,-1,-1,-1,-1,-1,-1,-1,-1,-1,-1,-1,-1
363,-1,0,1,357,-1,-1,-1,-1,-1,-1,-1,-1,-1,-1,-1,-1
364,-1,1,1,357,-1,-1,-1,-1,-1,-1,-1,-1,-1,-1,-1,-1
365,-1,2,1,357,-1,-1,-1,-1,-1,-1,-1,-1,-1,-1,-1,-1
366,-1,3,1,357,-1,-1,-1,-1,-1,-1,-1,-1,-1,-1,-1,-1
367,12,0,-2,309,370,371,-1,-1,-1,-1,-1,-1,-1,-1,-1,-1
368,3,1,-2,309,372,373,374,375,-1,-1,-1,-1,-1,-1,-1,-1
369,-1,2,0,309,-1,-1,-1,-1,-1,-1,-1,-1,-1,-1,-1,-1
370,-1,0,1,367,-1,-1,-1,-1,-1,-1,-1,-1,-1,-1,-1,-1
371,-1,1,1,367,-1,-1,-1,-1,-1,-1,-1,-1,-1,-1,-1,-1
372,-1,0,1,368,-1,-1,-1,-1,-1,-1,-1,-1,-1,-1,-1,-1
373,-1,1,1,368,-1,-1,-1,-1,-1,-1,-1,-1,-1,-1,-1,-1
374,-1,2,1,368,-1,-1,-1,-1,-1,-1,-1,-1,-1,-1,-1,-1
375,-1,3,1,368,-1,-1,-1,-1,-1,-1,-1,-1,-1,-1,-1,-1
376,5,0,-2,310,379,380,-1,-1,-1,-1,-1,-1,-1,-1,-1,-1
377,-1,1,1,310,-1,-1,-1,-1,-1,-1,-1,-1,-1,-1,-1,-1
378,4,2,-2,310,381,382,-1,-1,-1,-1,-1,-1,-1,-1,-1,-1
379,-1,0,1,376,-1,-1,-1,-1,-1,-1,-1,-1,-1,-1,-1,-1
380,-1,1,1,376,-1,-1,-1,-1,-1,-1,-1,-1,-1,-1,-1,-1
381,-1,0,1,378,-1,-1,-1,-1,-1,-1,-1,-1,-1,-1,-1,-1
382,-1,1,1,378,-1,-1,-1,-1,-1,-1,-1,-1,-1,-1,-1,-1
383,-1,0,1,311,-1,-1,-1,-1,-1,-1,-1,-1,-1,-1,-1,-1
384,0,1,-2,311,387,388,-1,-1,-1,-1,-1,-1,-1,-1,-1,-1
385,5,2,-2,311,389,390,-1,-1,-1,-1,-1,-1,-1,-1,-1,-1
386,0,3,-2,311,391,392,-1,-1,-1,-1,-1,-1,-1,-1,-1,-1
387,-1,0,1,384,-1,-1,-1,-1,-1,-1,-1,-1,-1,-1,-1,-1
388,-1,1,1,384,-1,-1,-1,-1,-1,-1,-1,-1,-1,-1,-1,-1
389,-1,0,1,385,-1,-1,-1,-1,-1,-1,-1,-1,-1,-1,-1,-1
390,-1,1,1,385,-1,-1,-1,-1,-1,-1,-1,-1,-1,-1,-1,-1
391,-1,0,1,386,-1,-1,-1,-1,-1,-1,-1,-1,-1,-1,-1,-1
392,-1,1,1,386,-1,-1,-1,-1,-1,-1,-1,-1,-1,-1,-1,-1
393,9,0,-2,14,397,398,-1,-1,-1,-1,-1,-1,-1,-1,-1,-1
394,1,1,-2,14,411,412,413,414,415,416,417,418,419,420,421,422
395,-1,2,1,14,-1,-1,-1,-1,-1,-1,-1,-1,-1,-1,-1,-1
396,2,3,-2,14,429,430,431,-1,-1,-1,-1,-1,-1,-1,-1,-1
397,1,0,-2,393,399,400,401,402,403,404,405,406,407,408,409,410
398,-1,1,1,393,-1,-1,-1,-1,-1,-1,-1,-1,-1,-1,-1,-1
399,-1,0,1,397,-1,-1,-1,-1,-1,-1,-1,-1,-1,-1,-1,-1
400,-1,1,1,397,-1,-1,-1,-1,-1,-1,-1,-1,-1,-1,-1,-1
401,-1,2,1,397,-1,-1,-1,-1,-1,-1,-1,-1,-1,-1,-1,-1
402,-1,3,1,397,-1,-1,-1,-1,-1,-1,-1,-1,-1,-1,-1,-1
403,-1,4,1,397,-1,-1,-1,-1,-1,-1,-1,-1,-1,-1,-1,-1
404,-1,5,1,397,-1,-1,-1,-1,-1,-1,-1,-1,-1,-1,-1,-1
405,-1,6,1,397,-1,-1,-1,-1,-1,-1,-1,-1,-1,-1,-1,-1
406,-1,7,1,397,-1,-1,-1,-1,-1,-1,-1,-1,-1,-1,-1,-1
407,-1,8,1,397,-1,-1,-1,-1,-1,-1,-1,-1,-1,-1,-1,-1
408,-1,9,1,397,-1,-1,-1,-1,-1,-1,-1,-1,-1,-1,-1,-1
409,-1,10,1,397,-1,-1,-1,-1,-1,-1,-1,-1,-1,-1,-1,-1
410,-1,11,1,397,-1,-1,-1,-1,-1,-1,-1,-1,-1,-1,-1,-1
411,-1,0,1,394,-1,-1,-1,-1,-1,-1,-1,-1,-1,-1,-1,-1
412,-1,1,1,394,-1,-1,-1,-1,-1,-1,-1,-1,-1,-1,-1,-1
413,-1,2,1,394,-1,-1,-1,-1,-1,-1,-1,-1,-1,-1,-1,-1
414,-1,3,1,394,-1,-1,-1,-1,-1,-1,-1,-1,-1,-1,-1,-1
415,-1,4,1,394,-1,-1,-1,-1,-1,-1,-1,-1,-1,-1,-1,-1
416,-1,5,1,394,-1,-1,-1,-1,-1,-1,-1,-1,-1,-1,-1,-1
417,-1,6,1,394,-1,-1,-1,-1,-1,-1,-1,-1,-1,-1,-1,-1
418,5,7,-2,394,423,424,-1,-1,-1,-1,-1,-1,-1,-1,-1,-1
419,-1,8,0,394,-1,-1,-1,-1,-1,-1,-1,-1,-1,-1,-1,-1
420,9,9,-2,394,425,426,-1,-1,-1,-1,-1,-1,-1,-1,-1,-1
421,7,10,-2,394,427,428,-1,-1,-1,-1,-1,-1,-1,-1,-1,-1
422,-1,11,1,394,-1,-1,-1,-1,-1,-1,-1,-1,-1,-1,-1,-1
423,-1,0,1,418,-1,-1,-1,-1,-1,-1,-1,-1,-1,-1,-1,-1
424,-1,1,1,418,-1,-1,-1,-1,-1,-1,-1,-1,-1,-1,-1,-1
425,-1,0,1,420,-1,-1,-1,-1,-1,-1,-1,-1,-1,-1,-1,-1
426,-1,1,1,420,-1,-1,-1,-1,-1,-1,-1,-1,-1,-1,-1,-1
427,-1,0,1,421,-1,-1,-1,-1,-1,-1,-1,-1,-1,-1,-1,-1
428,-1,1,1,421,-1,-1,-1,-1,-1,-1,-1,-1,-1,-1,-1,-1
429,1,0,-2,396,432,433,434,435,436,437,438,439,440,441,442,443
430,9,1,-2,396,444,445,-1,-1,-1,-1,-1,-1,-1,-1,-1,-1
431,1,2,-2,396,446,447,448,449,450,451,452,453,454,455,456,457
432,-1,0,1,429,-1,-1,-1,-1,-1,-1,-1,-1,-1,-1,-1,-1
433,-1,1,1,429,-1,-1,-1,-1,-1,-1,-1,-1,-1,-1,-1,-1
434,-1,2,1,429,-1,-1,-1,-1,-1,-1,-1,-1,-1,-1,-1,-1
435,-1,3,1,429,-1,-1,-1,-1,-1,-1,-1,-1,-1,-1,-1,-1
436,-1,4,1,429,-1,-1,-1,-1,-1,-1,-1,-1,-1,-1,-1,-1
437,-1,5,1,429,-1,-1,-1,-1,-1,-1,-1,-1,-1,-1,-1,-1
438,-1,6,1,429,-1,-1,-1,-1,-1,-1,-1,-1,-1,-1,-1,-1
439,-1,7,1,429,-1,-1,-1,-1,-1,-1,-1,-1,-1,-1,-1,-1
440,-1,8,1,429,-1,-1,-1,-1,-1,-1,-1,-1,-1,-1,-1,-1
441,-1,9,1,429,-1,-1,-1,-1,-1,-1,-1,-1,-1,-1,-1,-1
442,-1,10,1,429,-1,-1,-1,-1,-1,-1,-1,-1,-1,-1,-1,-1
443,-1,11,1,429,-1,-1,-1,-1,-1,-1,-1,-1,-1,-1,-1,-1
444,-1,0,1,430,-1,-1,-1,-1,-1,-1,-1,-1,-1,-1,-1,-1
445,-1,1,1,430,-1,-1,-1,-1,-1,-1,-1,-1,-1,-1,-1,-1
446,-1,0,1,431,-1,-1,-1,-1,-1,-1,-1,-1,-1,-1,-1,-1
447,-1,1,1,431,-1,-1,-1,-1,-1,-1,-1,-1,-1,-1,-1,-1
448,-1,2,1,431,-1,-1,-1,-1,-1,-1,-1,-1,-1,-1,-1,-1
449,-1,3,1,431,-1,-1,-1,-1,-1,-1,-1,-1,-1,-1,-1,-1
450,-1,4,1,431,-1,-1,-1,-1,-1,-1,-1,-1,-1,-1,-1,-1
451,-1,5,1,431,-1,-1,-1,-1,-1,-1,-1,-1,-1,-1,-1,-1
452,-1,6,1,431,-1,-1,-1,-1,-1,-1,-1,-1,-1,-1,-1,-1
453,-1,7,1,431,-1,-1,-1,-1,-1,-1,-1,-1,-1,-1,-1,-1
454,-1,8,1,431,-1,-1,-1,-1,-1,-1,-1,-1,-1,-1,-1,-1
455,-1,9,1,431,-1,-1,-1,-1,-1,-1,-1,-1,-1,-1,-1,-1
456,-1,10,1,431,-1,-1,-1,-1,-1,-1,-1,-1,-1,-1,-1,-1
457,-1,11,1,431,-1,-1,-1,-1,-1,-1,-1,-1,-1,-1,-1,-1
458,-1,0,1,15,-1,-1,-1,-1,-1,-1,-1,-1,-1,-1,-1,-1
459,-1,1,1,15,-1,-1,-1,-1,-1,-1,-1,-1,-1,-1,-1,-1
460,-1,2,1,15,-1,-1,-1,-1,-1,-1,-1,-1,-1,-1,-1,-1
461,0,3,-2,15,470,471,-1,-1,-1,-1,-1,-1,-1,-1,-1,-1
462,-1,4,1,15,-1,-1,-1,-1,-1,-1,-1,-1,-1,-1,-1,-1
463,-1,5,0,15,-1,-1,-1,-1,-1,-1,-1,-1,-1,-1,-1,-1
464,-1,6,1,15,-1,-1,-1,-1,-1,-1,-1,-1,-1,-1,-1,-1
465,-1,7,0,15,-1,-1,-1,-1,-1,-1,-1,-1,-1,-1,-1,-1
466,-1,8,1,15,-1,-1,-1,-1,-1,-1,-1,-1,-1,-1,-1,-1
467,-1,9,0,15,-1,-1,-1,-1,-1,-1,-1,-1,-1,-1,-1,-1
468,-1,10,0,15,-1,-1,-1,-1,-1,-1,-1,-1,-1,-1,-1,-1
469,-1,11,1,15,-1,-1,-1,-1,-1,-1,-1,-1,-1,-1,-1,-1
470,-1,0,0,461,-1,-1,-1,-1,-1,-1,-1,-1,-1,-1,-1,-1
471,9,1,-2,461,472,473,-1,-1,-1,-1,-1,-1,-1,-1,-1,-1
472,-1,0,1,471,-1,-1,-1,-1,-1,-1,-1,-1,-1,-1,-1,-1
473,-1,1,1,471,-1,-1,-1,-1,-1,-1,-1,-1,-1,-1,-1,-1
474,-1,0,1,16,-1,-1,-1,-1,-1,-1,-1,-1,-1,-1,-1,-1
475,-1,1,1,16,-1,-1,-1,-1,-1,-1,-1,-1,-1,-1,-1,-1
476,-1,2,1,16,-1,-1,-1,-1,-1,-1,-1,-1,-1,-1,-1,-1
477,2,3,-2,16,486,487,488,-1,-1,-1,-1,-1,-1,-1,-1,-1
478,-1,4,1,16,-1,-1,-1,-1,-1,-1,-1,-1,-1,-1,-1,-1
479,-1,5,1,16,-1,-1,-1,-1,-1,-1,-1,-1,-1,-1,-1,-1
480,-1,6,0,16,-1,-1,-1,-1,-1,-1,-1,-1,-1,-1,-1,-1
481,-1,7,0,16,-1,-1,-1,-1,-1,-1,-1,-1,-1,-1,-1,-1
482,-1,8,0,16,-1,-1,-1,-1,-1,-1,-1,-1,-1,-1,-1,-1
483,2,9,-2,16,491,492,493,-1,-1,-1,-1,-1,-1,-1,-1,-1
484,-1,10,0,16,-1,-1,-1,-1,-1,-1,-1,-1,-1,-1,-1,-1
485,-1,11,1,16,-1,-1,-1,-1,-1,-1,-1,-1,-1,-1,-1,-1
486,-1,0,1,477,-1,-1,-1,-1,-1,-1,-1,-1,-1,-1,-1,-1
487,-1,1,0,477,-1,-1,-1,-1,-1,-1,-1,-1,-1,-1,-1,-1
488,5,2,-2,477,489,490,-1,-1,-1,-1,-1,-1,-1,-1,-1,-1
489,-1,0,1,488,-1,-1,-1,-1,-1,-1,-1,-1,-1,-1,-1,-1
490,-1,1,1,488,-1,-1,-1,-1,-1,-1,-1,-1,-1,-1,-1,-1
491,-1,0,1,483,-1,-1,-1,-1,-1,-1,-1,-1,-1,-1,-1,-1
492,-1,1,1,483,-1,-1,-1,-1,-1,-1,-1,-1,-1,-1,-1,-1
493,-1,2,0,483,-1,-1,-1,-1,-1,-1,-1,-1,-1,-1,-1,-1
494,-1,0,1,17,-1,-1,-1,-1,-1,-1,-1,-1,-1,-1,-1,-1
495,-1,1,1,17,-1,-1,-1,-1,-1,-1,-1,-1,-1,-1,-1,-1
496,-1,2,1,17,-1,-1,-1,-1,-1,-1,-1,-1,-1,-1,-1,-1
497,12,3,-2,17,506,507,-1,-1,-1,-1,-1,-1,-1,-1,-1,-1
498,-1,4,1,17,-1,-1,-1,-1,-1,-1,-1,-1,-1,-1,-1,-1
499,3,5,-2,17,514,515,516,517,-1,-1,-1,-1,-1,-1,-1,-1
500,-1,6,1,17,-1,-1,-1,-1,-1,-1,-1,-1,-1,-1,-1,-1
501,-1,7,1,17,-1,-1,-1,-1,-1,-1,-1,-1,-1,-1,-1,-1
502,2,8,-2,17,520,521,522,-1,-1,-1,-1,-1,-1,-1,-1,-1
503,3,9,-2,17,527,528,529,530,-1,-1,-1,-1,-1,-1,-1,-1
504,2,10,-2,17,534,535,536,-1,-1,-1,-1,-1,-1,-1,-1,-1
505,3,11,-2,17,539,540,541,542,-1,-1,-1,-1,-1,-1,-1,-1
506,3,0,-2,497,508,509,510,511,-1,-1,-1,-1,-1,-1,-1,-1
507,9,1,-2,497,512,513,-1,-1,-1,-1,-1,-1,-1,-1,-1,-1
508,-1,0,1,506,-1,-1,-1,-1,-1,-1,-1,-1,-1,-1,-1,-1
509,-1,1,1,506,-1,-1,-1,-1,-1,-1,-1,-1,-1,-1,-1,-1
510,-1,2,1,506,-1,-1,-1,-1,-1,-1,-1,-1,-1,-1,-1,-1
511,-1,3,1,506,-1,-1,-1,-1,-1,-1,-1,-1,-1,-1,-1,-1
512,-1,0,1,507,-1,-1,-1,-1,-1,-1,-1,-1,-1,-1,-1,-1
513,-1,1,1,507,-1,-1,-1,-1,-1,-1,-1,-1,-1,-1,-1,-1
514,-1,0,1,499,-1,-1,-1,-1,-1,-1,-1,-1,-1,-1,-1,-1
515,-1,1,1,499,-1,-1,-1,-1,-1,-1,-1,-1,-1,-1,-1,-1
516,-1,2,0,499,-1,-1,-1,-1,-1,-1,-1,-1,-1,-1,-1,-1
517,0,3,-2,499,518,519,-1,-1,-1,-1,-1,-1,-1,-1,-1,-1
518,-1,0,1,517,-1,-1,-1,-1,-1,-1,-1,-1,-1,-1,-1,-1
519,-1,1,1,517,-1,-1,-1,-1,-1,-1,-1,-1,-1,-1,-1,-1
520,-1,0,1,502,-1,-1,-1,-1,-1,-1,-1,-1,-1,-1,-1,-1
521,-1,1,1,502,-1,-1,-1,-1,-1,-1,-1,-1,-1,-1,-1,-1
522,3,2,-2,502,523,524,525,526,-1,-1,-1,-1,-1,-1,-1,-1
523,-1,0,1,522,-1,-1,-1,-1,-1,-1,-1,-1,-1,-1,-1,-1
524,-1,1,1,522,-1,-1,-1,-1,-1,-1,-1,-1,-1,-1,-1,-1
525,-1,2,1,522,-1,-1,-1,-1,-1,-1,-1,-1,-1,-1,-1,-1
526,-1,3,1,522,-1,-1,-1,-1,-1,-1,-1,-1,-1,-1,-1,-1
527,-1,0,1,503,-1,-1,-1,-1,-1,-1,-1,-1,-1,-1,-1,-1
528,-1,1,1,503,-1,-1,-1,-1,-1,-1,-1,-1,-1,-1,-1,-1
529,-1,2,1,503,-1,-1,-1,-1,-1,-1,-1,-1,-1,-1,-1,-1
530,2,3,-2,503,531,532,533,-1,-1,-1,-1,-1,-1,-1,-1,-1
531,-1,0,1,530,-1,-1,-1,-1,-1,-1,-1,-1,-1,-1,-1,-1
532,-1,1,1,530,-1,-1,-1,-1,-1,-1,-1,-1,-1,-1,-1,-1
533,-1,2,1,530,-1,-1,-1,-1,-1,-1,-1,-1,-1,-1,-1,-1
534,-1,0,1,504,-1,-1,-1,-1,-1,-1,-1,-1,-1,-1,-1,-1
535,-1,1,1,504,-1,-1,-1,-1,-1,-1,-1,-1,-1,-1,-1,-1
536,0,2,-2,504,537,538,-1,-1,-1,-1,-1,-1,-1,-1,-1,-1
537,-1,0,1,536,-1,-1,-1,-1,-1,-1,-1,-1,-1,-1,-1,-1
538,-1,1,1,536,-1,-1,-1,-1,-1,-1,-1,-1,-1,-1,-1,-1
539,-1,0,0,505,-1,-1,-1,-1,-1,-1,-1,-1,-1,-1,-1,-1
540,12,1,-2,505,543,544,-1,-1,-1,-1,-1,-1,-1,-1,-1,-1
541,-1,2,1,505,-1,-1,-1,-1,-1,-1,-1,-1,-1,-1,-1,-1
542,-1,3,1,505,-1,-1,-1,-1,-1,-1,-1,-1,-1,-1,-1,-1
543,-1,0,1,540,-1,-1,-1,-1,-1,-1,-1,-1,-1,-1,-1,-1
544,-1,1,1,540,-1,-1,-1,-1,-1,-1,-1,-1,-1,-1,-1,-1
545,-1,0,0,18,-1,-1,-1,-1,-1,-1,-1,-1,-1,-1,-1,-1
546,-1,1,0,18,-1,-1,-1,-1,-1,-1,-1,-1,-1,-1,-1,-1
547,-1,2,0,18,-1,-1,-1,-1,-1,-1,-1,-1,-1,-1,-1,-1
548,-1,3,0,18,-1,-1,-1,-1,-1,-1,-1,-1,-1,-1,-1,-1
549,-1,4,1,18,-1,-1,-1,-1,-1,-1,-1,-1,-1,-1,-1,-1
550,-1,5,0,18,-1,-1,-1,-1,-1,-1,-1,-1,-1,-1,-1,-1
551,-1,6,0,18,-1,-1,-1,-1,-1,-1,-1,-1,-1,-1,-1,-1
552,-1,7,0,18,-1,-1,-1,-1,-1,-1,-1,-1,-1,-1,-1,-1
553,3,8,-2,18,557,558,559,560,-1,-1,-1,-1,-1,-1,-1,-1
554,-1,9,0,18,-1,-1,-1,-1,-1,-1,-1,-1,-1,-1,-1,-1
555,-1,10,1,18,-1,-1,-1,-1,-1,-1,-1,-1,-1,-1,-1,-1
556,-1,11,1,18,-1,-1,-1,-1,-1,-1,-1,-1,-1,-1,-1,-1
557,-1,0,1,553,-1,-1,-1,-1,-1,-1,-1,-1,-1,-1,-1,-1
558,-1,1,1,553,-1,-1,-1,-1,-1,-1,-1,-1,-1,-1,-1,-1
559,-1,2,1,553,-1,-1,-1,-1,-1,-1,-1,-1,-1,-1,-1,-1
560,-1,3,0,553,-1,-1,-1,-1,-1,-1,-1,-1,-1,-1,-1,-1
561,-1,0,1,4,-1,-1,-1,-1,-1,-1,-1,-1,-1,-1,-1,-1
562,1,1,-2,4,573,574,575,576,577,578,579,580,581,582,583,584
563,-1,2,1,4,-1,-1,-1,-1,-1,-1,-1,-1,-1,-1,-1,-1
564,5,3,-2,4,588,589,-1,-1,-1,-1,-1,-1,-1,-1,-1,-1
565,1,4,-2,4,592,593,594,595,596,597,598,599,600,601,602,603
566,-1,5,0,4,-1,-1,-1,-1,-1,-1,-1,-1,-1,-1,-1,-1
567,1,6,-2,4,618,619,620,621,622,623,624,625,626,627,628,629
568,0,7,-2,4,630,631,-1,-1,-1,-1,-1,-1,-1,-1,-1,-1
569,-1,8,1,4,-1,-1,-1,-1,-1,-1,-1,-1,-1,-1,-1,-1
570,1,9,-2,4,632,633,634,635,636,637,638,639,640,641,642,643
571,1,10,-2,4,644,645,646,647,648,649,650,651,652,653,654,655
572,1,11,-2,4,659,660,661,662,663,664,665,666,667,668,669,670
573,-1,0,1,562,-1,-1,-1,-1,-1,-1,-1,-1,-1,-1,-1,-1
574,-1,1,1,562,-1,-1,-1,-1,-1,-1,-1,-1,-1,-1,-1,-1
575,-1,2,1,562,-1,-1,-1,-1,-1,-1,-1,-1,-1,-1,-1,-1
576,2,3,-2,562,585,586,587,-1,-1,-1,-1,-1,-1,-1,-1,-1
577,-1,4,1,562,-1,-1,-1,-1,-1,-1,-1,-1,-1,-1,-1,-1
578,-1,5,1,562,-1,-1,-1,-1,-1,-1,-1,-1,-1,-1,-1,-1
579,-1,6,1,562,-1,-1,-1,-1,-1,-1,-1,-1,-1,-1,-1,-1
580,-1,7,1,562,-1,-1,-1,-1,-1,-1,-1,-1,-1,-1,-1,-1
581,-1,8,1,562,-1,-1,-1,-1,-1,-1,-1,-1,-1,-1,-1,-1
582,-1,9,1,562,-1,-1,-1,-1,-1,-1,-1,-1,-1,-1,-1,-1
583,-1,10,1,562,-1,-1,-1,-1,-1,-1,-1,-1,-1,-1,-1,-1
584,-1,11,1,562,-1,-1,-1,-1,-1,-1,-1,-1,-1,-1,-1,-1
585,-1,0,0,576,-1,-1,-1,-1,-1,-1,-1,-1,-1,-1,-1,-1
586,-1,1,1,576,-1,-1,-1,-1,-1,-1,-1,-1,-1,-1,-1,-1
587,-1,2,1,576,-1,-1,-1,-1,-1,-1,-1,-1,-1,-1,-1,-1
588,-1,0,1,564,-1,-1,-1,-1,-1,-1,-1,-1,-1,-1,-1,-1
589,12,1,-2,564,590,591,-1,-1,-1,-1,-1,-1,-1,-1,-1,-1
590,-1,0,1,589,-1,-1,-1,-1,-1,-1,-1,-1,-1,-1,-1,-1
591,-1,1,0,589,-1,-1,-1,-1,-1,-1,-1,-1,-1,-1,-1,-1
592,-1,0,1,565,-1,-1,-1,-1,-1,-1,-1,-1,-1,-1,-1,-1
593,-1,1,1,565,-1,-1,-1,-1,-1,-1,-1,-1,-1,-1,-1,-1
594,-1,2,1,565,-1,-1,-1,-1,-1,-1,-1,-1,-1,-1,-1,-1
595,12,3,-2,565,604,605,-1,-1,-1,-1,-1,-1,-1,-1,-1,-1
596,-1,4,1,565,-1,-1,-1,-1,-1,-1,-1,-1,-1,-1,-1,-1
597,-1,5,1,565,-1,-1,-1,-1,-1,-1,-1,-1,-1,-1,-1,-1
598,-1,6,1,565,-1,-1,-1,-1,-1,-1,-1,-1,-1,-1,-1,-1
599,-1,7,1,565,-1,-1,-1,-1,-1,-1,-1,-1,-1,-1,-1,-1
600,2,8,-2,565,608,609,610,-1,-1,-1,-1,-1,-1,-1,-1,-1
601,-1,9,0,565,-1,-1,-1,-1,-1,-1,-1,-1,-1,-1,-1,-1
602,6,10,-2,565,611,612,-1,-1,-1,-1,-1,-1,-1,-1,-1,-1
603,2,11,-2,565,613,614,615,-1,-1,-1,-1,-1,-1,-1,-1,-1
604,0,0,-2,595,606,607,-1,-1,-1,-1,-1,-1,-1,-1,-1,-1
605,-1,1,0,595,-1,-1,-1,-1,-1,-1,-1,-1,-1,-1,-1,-1
606,-1,0,1,604,-1,-1,-1,-1,-1,-1,-1,-1,-1,-1,-1,-1
607,-1,1,1,604,-1,-1,-1,-1,-1,-1,-1,-1,-1,-1,-1,-1
608,-1,0,1,600,-1,-1,-1,-1,-1,-1,-1,-1,-1,-1,-1,-1
609,-1,1,1,600,-1,-1,-1,-1,-1,-1,-1,-1,-1,-1,-1,-1
610,-1,2,0,600,-1,-1,-1,-1,-1,-1,-1,-1,-1,-1,-1,-1
611,-1,0,1,602,-1,-1,-1,-1,-1,-1,-1,-1,-1,-1,-1,-1
612,-1,1,0,602,-1,-1,-1,-1,-1,-1,-1,-1,-1,-1,-1,-1
613,-1,0,1,603,-1,-1,-1,-1,-1,-1,-1,-1,-1,-1,-1,-1
614,-1,1,1,603,-1,-1,-1,-1,-1,-1,-1,-1,-1,-1,-1,-1
615,0,2,-2,603,616,617,-1,-1,-1,-1,-1,-1,-1,-1,-1,-1
616,-1,0,1,615,-1,-1,-1,-1,-1,-1,-1,-1,-1,-1,-1,-1
617,-1,1,1,615,-1,-1,-1,-1,-1,-1,-1,-1,-1,-1,-1,-1
618,-1,0,1,567,-1,-1,-1,-1,-1,-1,-1,-1,-1,-1,-1,-1
619,-1,1,1,567,-1,-1,-1,-1,-1,-1,-1,-1,-1,-1,-1,-1
620,-1,2,1,567,-1,-1,-1,-1,-1,-1,-1,-1,-1,-1,-1,-1
621,-1,3,0,567,-1,-1,-1,-1,-1,-1,-1,-1,-1,-1,-1,-1
622,-1,4,1,567,-1,-1,-1,-1,-1,-1,-1,-1,-1,-1,-1,-1
623,-1,5,1,567,-1,-1,-1,-1,-1,-1,-1,-1,-1,-1,-1,-1
624,-1,6,1,567,-1,-1,-1,-1,-1,-1,-1,-1,-1,-1,-1,-1
625,-1,7,1,567,-1,-1,-1,-1,-1,-1,-1,-1,-1,-1,-1,-1
626,-1,8,1,567,-1,-1,-1,-1,-1,-1,-1,-1,-1,-1,-1,-1
627,-1,9,1,567,-1,-1,-1,-1,-1,-1,-1,-1,-1,-1,-1,-1
628,-1,10,0,567,-1,-1,-1,-1,-1,-1,-1,-1,-1,-1,-1,-1
629,-1,11,1,567,-1,-1,-1,-1,-1,-1,-1,-1,-1,-1,-1,-1
630,-1,0,1,568,-1,-1,-1,-1,-1,-1,-1,-1,-1,-1,-1,-1
631,-1,1,0,568,-1,-1,-1,-1,-1,-1,-1,-1,-1,-1,-1,-1
632,-1,0,1,570,-1,-1,-1,-1,-1,-1,-1,-1,-1,-1,-1,-1
633,-1,1,1,570,-1,-1,-1,-1,-1,-1,-1,-1,-1,-1,-1,-1
634,-1,2,1,570,-1,-1,-1,-1,-1,-1,-1,-1,-1,-1,-1,-1
635,-1,3,0,570,-1,-1,-1,-1,-1,-1,-1,-1,-1,-1,-1,-1
636,-1,4,1,570,-1,-1,-1,-1,-1,-1,-1,-1,-1,-1,-1,-1
637,-1,5,1,570,-1,-1,-1,-1,-1,-1,-1,-1,-1,-1,-1,-1
638,-1,6,1,570,-1,-1,-1,-1,-1,-1,-1,-1,-1,-1,-1,-1
639,-1,7,0,570,-1,-1,-1,-1,-1,-1,-1,-1,-1,-1,-1,-1
640,-1,8,1,570,-1,-1,-1,-1,-1,-1,-1,-1,-1,-1,-1,-1
641,-1,9,1,570,-1,-1,-1,-1,-1,-1,-1,-1,-1,-1,-1,-1
642,-1,10,0,570,-1,-1,-1,-1,-1,-1,-1,-1,-1,-1,-1,-1
643,-1,11,1,570,-1,-1,-1,-1,-1,-1,-1,-1,-1,-1,-1,-1
644,-1,0,1,571,-1,-1,-1,-1,-1,-1,-1,-1,-1,-1,-1,-1
645,-1,1,1,571,-1,-1,-1,-1,-1,-1,-1,-1,-1,-1,-1,-1
646,-1,2,1,571,-1,-1,-1,-1,-1,-1,-1,-1,-1,-1,-1,-1
647,-1,3,1,571,-1,-1,-1,-1,-1,-1,-1,-1,-1,-1,-1,-1
648,-1,4,1,571,-1,-1,-1,-1,-1,-1,-1,-1,-1,-1,-1,-1
649,-1,5,1,571,-1,-1,-1,-1,-1,-1,-1,-1,-1,-1,-1,-1
650,-1,6,1,571,-1,-1,-1,-1,-1,-1,-1,-1,-1,-1,-1,-1
651,-1,7,1,571,-1,-1,-1,-1,-1,-1,-1,-1,-1,-1,-1,-1
652,-1,8,1,571,-1,-1,-1,-1,-1,-1,-1,-1,-1,-1,-1,-1
653,-1,9,1,571,-1,-1,-1,-1,-1,-1,-1,-1,-1,-1,-1,-1
654,2,10,-2,571,656,657,658,-1,-1,-1,-1,-1,-1,-1,-1,-1
655,-1,11,1,571,-1,-1,-1,-1,-1,-1,-1,-1,-1,-1,-1,-1
656,-1,0,0,654,-1,-1,-1,-1,-1,-1,-1,-1,-1,-1,-1,-1
657,-1,1,1,654,-1,-1,-1,-1,-1,-1,-1,-1,-1,-1,-1,-1
658,-1,2,1,654,-1,-1,-1,-1,-1,-1,-1,-1,-1,-1,-1,-1
659,-1,0,0,572,-1,-1,-1,-1,-1,-1,-1,-1,-1,-1,-1,-1
660,-1,1,0,572,-1,-1,-1,-1,-1,-1,-1,-1,-1,-1,-1,-1
661,-1,2,0,572,-1,-1,-1,-1,-1,-1,-1,-1,-1,-1,-1,-1
662,-1,3,0,572,-1,-1,-1,-1,-1,-1,-1,-1,-1,-1,-1,-1
663,-1,4,0,572,-1,-1,-1,-1,-1,-1,-1,-1,-1,-1,-1,-1
664,-1,5,0,572,-1,-1,-1,-1,-1,-1,-1,-1,-1,-1,-1,-1
665,-1,6,1,572,-1,-1,-1,-1,-1,-1,-1,-1,-1,-1,-1,-1
666,-1,7,0,572,-1,-1,-1,-1,-1,-1,-1,-1,-1,-1,-1,-1
667,-1,8,0,572,-1,-1,-1,-1,-1,-1,-1,-1,-1,-1,-1,-1
668,-1,9,0,572,-1,-1,-1,-1,-1,-1,-1,-1,-1,-1,-1,-1
669,-1,10,0,572,-1,-1,-1,-1,-1,-1,-1,-1,-1,-1,-1,-1
670,-1,11,0,572,-1,-1,-1,-1,-1,-1,-1,-1,-1,-1,-1,-1
671,-1,0,1,5,-1,-1,-1,-1,-1,-1,-1,-1,-1,-1,-1,-1
672,1,1,-2,5,683,684,685,686,687,688,689,690,691,692,693,694
673,3,2,-2,5,695,696,697,698,-1,-1,-1,-1,-1,-1,-1,-1
674,1,3,-2,5,699,700,701,702,703,704,705,706,707,708,709,710
675,1,4,-2,5,728,729,730,731,732,733,734,735,736,737,738,739
676,1,5,-2,5,758,759,760,761,762,763,764,765,766,767,768,769
677,1,6,-2,5,776,777,778,779,780,781,782,783,784,785,786,787
678,1,7,-2,5,790,791,792,793,794,795,796,797,798,799,800,801
679,1,8,-2,5,811,812,813,814,815,816,817,818,819,820,821,822
680,1,9,-2,5,830,831,832,833,834,835,836,837,838,839,840,841
681,1,10,-2,5,844,845,846,847,848,849,850,851,852,853,854,855
682,1,11,-2,5,864,865,866,867,868,869,870,871,872,873,874,875
683,-1,0,1,672,-1,-1,-1,-1,-1,-1,-1,-1,-1,-1,-1,-1
684,-1,1,1,672,-1,-1,-1,-1,-1,-1,-1,-1,-1,-1,-1,-1
685,-1,2,1,672,-1,-1,-1,-1,-1,-1,-1,-1,-1,-1,-1,-1
686,-1,3,1,672,-1,-1,-1,-1,-1,-1,-1,-1,-1,-1,-1,-1
687,-1,4,1,672,-1,-1,-1,-1,-1,-1,-1,-1,-1,-1,-1,-1
688,-1,5,1,672,-1,-1,-1,-1,-1,-1,-1,-1,-1,-1,-1,-1
689,-1,6,1,672,-1,-1,-1,-1,-1,-1,-1,-1,-1,-1,-1,-1
690,-1,7,1,672,-1,-1,-1,-1,-1,-1,-1,-1,-1,-1,-1,-1
691,-1,8,1,672,-1,-1,-1,-1,-1,-1,-1,-1,-1,-1,-1,-1
692,-1,9,1,672,-1,-1,-1,-1,-1,-1,-1,-1,-1,-1,-1,-1
693,-1,10,1,672,-1,-1,-1,-1,-1,-1,-1,-1,-1,-1,-1,-1
694,-1,11,0,672,-1,-1,-1,-1,-1,-1,-1,-1,-1,-1,-1,-1
695,-1,0,0,673,-1,-1,-1,-1,-1,-1,-1,-1,-1,-1,-1,-1
696,-1,1,0,673,-1,-1,-1,-1,-1,-1,-1,-1,-1,-1,-1,-1
697,-1,2,1,673,-1,-1,-1,-1,-1,-1,-1,-1,-1,-1,-1,-1
698,-1,3,0,673,-1,-1,-1,-1,-1,-1,-1,-1,-1,-1,-1,-1
699,-1,0,1,674,-1,-1,-1,-1,-1,-1,-1,-1,-1,-1,-1,-1
700,-1,1,1,674,-1,-1,-1,-1,-1,-1,-1,-1,-1,-1,-1,-1
701,-1,2,1,674,-1,-1,-1,-1,-1,-1,-1,-1,-1,-1,-1,-1
702,4,3,-2,674,711,712,-1,-1,-1,-1,-1,-1,-1,-1,-1,-1
703,-1,4,1,674,-1,-1,-1,-1,-1,-1,-1,-1,-1,-1,-1,-1
704,-1,5,1,674,-1,-1,-1,-1,-1,-1,-1,-1,-1,-1,-1,-1
705,-1,6,1,674,-1,-1,-1,-1,-1,-1,-1,-1,-1,-1,-1,-1
706,2,7,-2,674,715,716,717,-1,-1,-1,-1,-1,-1,-1,-1,-1
707,2,8,-2,674,720,721,722,-1,-1,-1,-1,-1,-1,-1,-1,-1
708,-1,9,1,674,-1,-1,-1,-1,-1,-1,-1,-1,-1,-1,-1,-1
709,2,10,-2,674,723,724,725,-1,-1,-1,-1,-1,-1,-1,-1,-1
710,-1,11,1,674,-1,-1,-1,-1,-1,-1,-1,-1,-1,-1,-1,-1
711,-1,0,0,702,-1,-1,-1,-1,-1,-1,-1,-1,-1,-1,-1,-1
712,9,1,-2,702,713,714,-1,-1,-1,-1,-1,-1,-1,-1,-1,-1
713,-1,0,1,712,-1,-1,-1,-1,-1,-1,-1,-1,-1,-1,-1,-1
714,-1,1,1,712,-1,-1,-1,-1,-1,-1,-1,-1,-1,-1,-1,-1
715,-1,0,1,706,-1,-1,-1,-1,-1,-1,-1,-1,-1,-1,-1,-1
716,-1,1,1,706,-1,-1,-1,-1,-1,-1,-1,-1,-1,-1,-1,-1
717,0,2,-2,706,718,719,-1,-1,-1,-1,-1,-1,-1,-1,-1,-1
718,-1,0,1,717,-1,-1,-1,-1,-1,-1,-1,-1,-1,-1,-1,-1
719,-1,1,1,717,-1,-1,-1,-1,-1,-1,-1,-1,-1,-1,-1,-1
720,-1,0,1,707,-1,-1,-1,-1,-1,-1,-1,-1,-1,-1,-1,-1
721,-1,1,1,707,-1,-1,-1,-1,-1,-1,-1,-1,-1,-1,-1,-1
722,-1,2,0,707,-1,-1,-1,-1,-1,-1,-1,-1,-1,-1,-1,-1
723,-1,0,1,709,-1,-1,-1,-1,-1,-1,-1,-1,-1,-1,-1,-1
724,-1,1,1,709,-1,-1,-1,-1,-1,-1,-1,-1,-1,-1,-1,-1
725,5,2,-2,709,726,727,-1,-1,-1,-1,-1,-1,-1,-1,-1,-1
726,-1,0,1,725,-1,-1,-1,-1,-1,-1,-1,-1,-1,-1,-1,-1
727,-1,1,1,725,-1,-1,-1,-1,-1,-1,-1,-1,-1,-1,-1,-1
728,-1,0,1,675,-1,-1,-1,-1,-1,-1,-1,-1,-1,-1,-1,-1
729,-1,1,1,675,-1,-1,-1,-1,-1,-1,-1,-1,-1,-1,-1,-1
730,-1,2,1,675,-1,-1,-1,-1,-1,-1,-1,-1,-1,-1,-1,-1
731,5,3,-2,675,740,741,-1,-1,-1,-1,-1,-1,-1,-1,-1,-1
732,-1,4,1,675,-1,-1,-1,-1,-1,-1,-1,-1,-1,-1,-1,-1
733,2,5,-2,675,744,745,746,-1,-1,-1,-1,-1,-1,-1,-1,-1
734,-1,6,1,675,-1,-1,-1,-1,-1,-1,-1,-1,-1,-1,-1,-1
735,6,7,-2,675,747,748,-1,-1,-1,-1,-1,-1,-1,-1,-1,-1
736,-1,8,1,675,-1,-1,-1,-1,-1,-1,-1,-1,-1,-1,-1,-1
737,-1,9,1,675,-1,-1,-1,-1,-1,-1,-1,-1,-1,-1,-1,-1
738,7,10,-2,675,752,753,-1,-1,-1,-1,-1,-1,-1,-1,-1,-1
739,9,11,-2,675,754,755,-1,-1,-1,-1,-1,-1,-1,-1,-1,-1
740,-1,0,1,731,-1,-1,-1,-1,-1,-1,-1,-1,-1,-1,-1,-1
741,0,1,-2,731,742,743,-1,-1,-1,-1,-1,-1,-1,-1,-1,-1
742,-1,0,1,741,-1,-1,-1,-1,-1,-1,-1,-1,-1,-1,-1,-1
743,-1,1,1,741,-1,-1,-1,-1,-1,-1,-1,-1,-1,-1,-1,-1
744,-1,0,1,733,-1,-1,-1,-1,-1,-1,-1,-1,-1,-1,-1,-1
745,-1,1,1,733,-1,-1,-1,-1,-1,-1,-1,-1,-1,-1,-1,-1
746,-1,2,0,733,-1,-1,-1,-1,-1,-1,-1,-1,-1,-1,-1,-1
747,-1,0,1,735,-1,-1,-1,-1,-1,-1,-1,-1,-1,-1,-1,-1
748,2,1,-2,735,749,750,751,-1,-1,-1,-1,-1,-1,-1,-1,-1
749,-1,0,1,748,-1,-1,-1,-1,-1,-1,-1,-1,-1,-1,-1,-1
750,-1,1,1,748,-1,-1,-1,-1,-1,-1,-1,-1,-1,-1,-1,-1
751,-1,2,1,748,-1,-1,-1,-1,-1,-1,-1,-1,-1,-1,-1,-1
752,-1,0,0,738,-1,-1,-1,-1,-1,-1,-1,-1,-1,-1,-1,-1
753,-1,1,1,738,-1,-1,-1,-1,-1,-1,-1,-1,-1,-1,-1,-1
754,-1,0,0,739,-1,-1,-1,-1,-1,-1,-1,-1,-1,-1,-1,-1
755,12,1,-2,739,756,757,-1,-1,-1,-1,-1,-1,-1,-1,-1,-1
756,-1,0,1,755,-1,-1,-1,-1,-1,-1,-1,-1,-1,-1,-1,-1
757,-1,1,1,755,-1,-1,-1,-1,-1,-1,-1,-1,-1,-1,-1,-1
758,-1,0,1,676,-1,-1,-1,-1,-1,-1,-1,-1,-1,-1,-1,-1
759,-1,1,1,676,-1,-1,-1,-1,-1,-1,-1,-1,-1,-1,-1,-1
760,-1,2,1,676,-1,-1,-1,-1,-1,-1,-1,-1,-1,-1,-1,-1
761,6,3,-2,676,770,771,-1,-1,-1,-1,-1,-1,-1,-1,-1,-1
762,-1,4,1,676,-1,-1,-1,-1,-1,-1,-1,-1,-1,-1,-1,-1
763,-1,5,1,676,-1,-1,-1,-1,-1,-1,-1,-1,-1,-1,-1,-1
764,-1,6,0,676,-1,-1,-1,-1,-1,-1,-1,-1,-1,-1,-1,-1
765,-1,7,1,676,-1,-1,-1,-1,-1,-1,-1,-1,-1,-1,-1,-1
766,-1,8,1,676,-1,-1,-1,-1,-1,-1,-1,-1,-1,-1,-1,-1
767,-1,9,0,676,-1,-1,-1,-1,-1,-1,-1,-1,-1,-1,-1,-1
768,0,10,-2,676,774,775,-1,-1,-1,-1,-1,-1,-1,-1,-1,-1
769,-1,11,1,676,-1,-1,-1,-1,-1,-1,-1,-1,-1,-1,-1,-1
770,-1,0,0,761,-1,-1,-1,-1,-1,-1,-1,-1,-1,-1,-1,-1
771,12,1,-2,761,772,773,-1,-1,-1,-1,-1,-1,-1,-1,-1,-1
772,-1,0,1,771,-1,-1,-1,-1,-1,-1,-1,-1,-1,-1,-1,-1
773,-1,1,1,771,-1,-1,-1,-1,-1,-1,-1,-1,-1,-1,-1,-1
774,-1,0,0,768,-1,-1,-1,-1,-1,-1,-1,-1,-1,-1,-1,-1
775,-1,1,1,768,-1,-1,-1,-1,-1,-1,-1,-1,-1,-1,-1,-1
776,-1,0,1,677,-1,-1,-1,-1,-1,-1,-1,-1,-1,-1,-1,-1
777,-1,1,1,677,-1,-1,-1,-1,-1,-1,-1,-1,-1,-1,-1,-1
778,-1,2,0,677,-1,-1,-1,-1,-1,-1,-1,-1,-1,-1,-1,-1
779,0,3,-2,677,788,789,-1,-1,-1,-1,-1,-1,-1,-1,-1,-1
780,-1,4,1,677,-1,-1,-1,-1,-1,-1,-1,-1,-1,-1,-1,-1
781,-1,5,1,677,-1,-1,-1,-1,-1,-1,-1,-1,-1,-1,-1,-1
782,-1,6,1,677,-1,-1,-1,-1,-1,-1,-1,-1,-1,-1,-1,-1
783,-1,7,1,677,-1,-1,-1,-1,-1,-1,-1,-1,-1,-1,-1,-1
784,-1,8,1,677,-1,-1,-1,-1,-1,-1,-1,-1,-1,-1,-1,-1
785,-1,9,1,677,-1,-1,-1,-1,-1,-1,-1,-1,-1,-1,-1,-1
786,-1,10,1,677,-1,-1,-1,-1,-1,-1,-1,-1,-1,-1,-1,-1
787,-1,11,1,677,-1,-1,-1,-1,-1,-1,-1,-1,-1,-1,-1,-1
788,-1,0,1,779,-1,-1,-1,-1,-1,-1,-1,-1,-1,-1,-1,-1
789,-1,1,0,779,-1,-1,-1,-1,-1,-1,-1,-1,-1,-1,-1,-1
790,-1,0,1,678,-1,-1,-1,-1,-1,-1,-1,-1,-1,-1,-1,-1
791,-1,1,1,678,-1,-1,-1,-1,-1,-1,-1,-1,-1,-1,-1,-1
792,-1,2,1,678,-1,-1,-1,-1,-1,-1,-1,-1,-1,-1,-1,-1
793,-1,3,0,678,-1,-1,-1,-1,-1,-1,-1,-1,-1,-1,-1,-1
794,3,4,-2,678,802,803,804,805,-1,-1,-1,-1,-1,-1,-1,-1
795,-1,5,1,678,-1,-1,-1,-1,-1,-1,-1,-1,-1,-1,-1,-1
796,-1,6,1,678,-1,-1,-1,-1,-1,-1,-1,-1,-1,-1,-1,-1
797,2,7,-2,678,806,807,808,-1,-1,-1,-1,-1,-1,-1,-1,-1
798,-1,8,0,678,-1,-1,-1,-1,-1,-1,-1,-1,-1,-1,-1,-1
799,-1,9,1,678,-1,-1,-1,-1,-1,-1,-1,-1,-1,-1,-1,-1
800,0,10,-2,678,809,810,-1,-1,-1,-1,-1,-1,-1,-1,-1,-1
801,-1,11,1,678,-1,-1,-1,-1,-1,-1,-1,-1,-1,-1,-1,-1
802,-1,0,1,794,-1,-1,-1,-1,-1,-1,-1,-1,-1,-1,-1,-1
803,-1,1,0,794,-1,-1,-1,-1,-1,-1,-1,-1,-1,-1,-1,-1
804,-1,2,1,794,-1,-1,-1,-1,-1,-1,-1,-1,-1,-1,-1,-1
805,-1,3,1,794,-1,-1,-1,-1,-1,-1,-1,-1,-1,-1,-1,-1
806,-1,0,0,797,-1,-1,-1,-1,-1,-1,-1,-1,-1,-1,-1,-1
807,-1,1,1,797,-1,-1,-1,-1,-1,-1,-1,-1,-1,-1,-1,-1
808,-1,2,1,797,-1,-1,-1,-1,-1,-1,-1,-1,-1,-1,-1,-1
809,-1,0,1,800,-1,-1,-1,-1,-1,-1,-1,-1,-1,-1,-1,-1
810,-1,1,0,800,-1,-1,-1,-1,-1,-1,-1,-1,-1,-1,-1,-1
811,-1,0,1,679,-1,-1,-1,-1,-1,-1,-1,-1,-1,-1,-1,-1
812,-1,1,1,679,-1,-1,-1,-1,-1,-1,-1,-1,-1,-1,-1,-1
813,0,2,-2,679,823,824,-1,-1,-1,-1,-1,-1,-1,-1,-1,-1
814,2,3,-2,679,825,826,827,-1,-1,-1,-1,-1,-1,-1,-1,-1
815,-1,4,1,679,-1,-1,-1,-1,-1,-1,-1,-1,-1,-1,-1,-1
816,-1,5,1,679,-1,-1,-1,-1,-1,-1,-1,-1,-1,-1,-1,-1
817,-1,6,1,679,-1,-1,-1,-1,-1,-1,-1,-1,-1,-1,-1,-1
818,-1,7,0,679,-1,-1,-1,-1,-1,-1,-1,-1,-1,-1,-1,-1
819,-1,8,1,679,-1,-1,-1,-1,-1,-1,-1,-1,-1,-1,-1,-1
820,-1,9,1,679,-1,-1,-1,-1,-1,-1,-1,-1,-1,-1,-1,-1
821,-1,10,1,679,-1,-1,-1,-1,-1,-1,-1,-1,-1,-1,-1,-1
822,-1,11,1,679,-1,-1,-1,-1,-1,-1,-1,-1,-1,-1,-1,-1
823,-1,0,1,813,-1,-1,-1,-1,-1,-1,-1,-1,-1,-1,-1,-1
824,-1,1,0,813,-1,-1,-1,-1,-1,-1,-1,-1,-1,-1,-1,-1
825,-1,0,1,814,-1,-1,-1,-1,-1,-1,-1,-1,-1,-1,-1,-1
826,-1,1,0,814,-1,-1,-1,-1,-1,-1,-1,-1,-1,-1,-1,-1
827,0,2,-2,814,828,829,-1,-1,-1,-1,-1,-1,-1,-1,-1,-1
828,-1,0,1,827,-1,-1,-1,-1,-1,-1,-1,-1,-1,-1,-1,-1
829,-1,1,1,827,-1,-1,-1,-1,-1,-1,-1,-1,-1,-1,-1,-1
830,-1,0,1,680,-1,-1,-1,-1,-1,-1,-1,-1,-1,-1,-1,-1
831,-1,1,1,680,-1,-1,-1,-1,-1,-1,-1,-1,-1,-1,-1,-1
832,-1,2,0,680,-1,-1,-1,-1,-1,-1,-1,-1,-1,-1,-1,-1
833,-1,3,0,680,-1,-1,-1,-1,-1,-1,-1,-1,-1,-1,-1,-1
834,-1,4,1,680,-1,-1,-1,-1,-1,-1,-1,-1,-1,-1,-1,-1
835,-1,5,1,680,-1,-1,-1,-1,-1,-1,-1,-1,-1,-1,-1,-1
836,-1,6,1,680,-1,-1,-1,-1,-1,-1,-1,-1,-1,-1,-1,-1
837,-1,7,1,680,-1,-1,-1,-1,-1,-1,-1,-1,-1,-1,-1,-1
838,-1,8,1,680,-1,-1,-1,-1,-1,-1,-1,-1,-1,-1,-1,-1
839,-1,9,0,680,-1,-1,-1,-1,-1,-1,-1,-1,-1,-1,-1,-1
840,6,10,-2,680,842,843,-1,-1,-1,-1,-1,-1,-1,-1,-1,-1
841,-1,11,1,680,-1,-1,-1,-1,-1,-1,-1,-1,-1,-1,-1,-1
842,-1,0,1,840,-1,-1,-1,-1,-1,-1,-1,-1,-1,-1,-1,-1
843,-1,1,0,840,-1,-1,-1,-1,-1,-1,-1,-1,-1,-1,-1,-1
844,-1,0,1,681,-1,-1,-1,-1,-1,-1,-1,-1,-1,-1,-1,-1
845,-1,1,1,681,-1,-1,-1,-1,-1,-1,-1,-1,-1,-1,-1,-1
846,-1,2,0,681,-1,-1,-1,-1,-1,-1,-1,-1,-1,-1,-1,-1
847,5,3,-2,681,856,857,-1,-1,-1,-1,-1,-1,-1,-1,-1,-1
848,-1,4,1,681,-1,-1,-1,-1,-1,-1,-1,-1,-1,-1,-1,-1
849,-1,5,1,681,-1,-1,-1,-1,-1,-1,-1,-1,-1,-1,-1,-1
850,-1,6,1,681,-1,-1,-1,-1,-1,-1,-1,-1,-1,-1,-1,-1
851,-1,7,1,681,-1,-1,-1,-1,-1,-1,-1,-1,-1,-1,-1,-1
852,-1,8,1,681,-1,-1,-1,-1,-1,-1,-1,-1,-1,-1,-1,-1
853,-1,9,1,681,-1,-1,-1,-1,-1,-1,-1,-1,-1,-1,-1,-1
854,3,10,-2,681,860,861,862,863,-1,-1,-1,-1,-1,-1,-1,-1
855,-1,11,1,681,-1,-1,-1,-1,-1,-1,-1,-1,-1,-1,-1,-1
856,0,0,-2,847,858,859,-1,-1,-1,-1,-1,-1,-1,-1,-1,-1
857,-1,1,0,847,-1,-1,-1,-1,-1,-1,-1,-1,-1,-1,-1,-1
858,-1,0,1,856,-1,-1,-1,-1,-1,-1,-1,-1,-1,-1,-1,-1
859,-1,1,1,856,-1,-1,-1,-1,-1,-1,-1,-1,-1,-1,-1,-1
860,-1,0,1,854,-1,-1,-1,-1,-1,-1,-1,-1,-1,-1,-1,-1
861,-1,1,1,854,-1,-1,-1,-1,-1,-1,-1,-1,-1,-1,-1,-1
862,-1,2,1,854,-1,-1,-1,-1,-1,-1,-1,-1,-1,-1,-1,-1
863,-1,3,0,854,-1,-1,-1,-1,-1,-1,-1,-1,-1,-1,-1,-1
864,-1,0,0,682,-1,-1,-1,-1,-1,-1,-1,-1,-1,-1,-1,-1
865,-1,1,0,682,-1,-1,-1,-1,-1,-1,-1,-1,-1,-1,-1,-1
866,-1,2,0,682,-1,-1,-1,-1,-1,-1,-1,-1,-1,-1,-1,-1
867,-1,3,0,682,-1,-1,-1,-1,-1,-1,-1,-1,-1,-1,-1,-1
868,-1,4,0,682,-1,-1,-1,-1,-1,-1,-1,-1,-1,-1,-1,-1
869,-1,5,0,682,-1,-1,-1,-1,-1,-1,-1,-1,-1,-1,-1,-1
870,-1,6,1,682,-1,-1,-1,-1,-1,-1,-1,-1,-1,-1,-1,-1
871,-1,7,0,682,-1,-1,-1,-1,-1,-1,-1,-1,-1,-1,-1,-1
872,-1,8,0,682,-1,-1,-1,-1,-1,-1,-1,-1,-1,-1,-1,-1
873,-1,9,0,682,-1,-1,-1,-1,-1,-1,-1,-1,-1,-1,-1,-1
874,-1,10,1,682,-1,-1,-1,-1,-1,-1,-1,-1,-1,-1,-1,-1
875,-1,11,0,682,-1,-1,-1,-1,-1,-1,-1,-1,-1,-1,-1,-1
876,1,0,-2,6,888,889,890,891,892,893,894,895,896,897,898,899
877,0,1,-2,6,900,901,-1,-1,-1,-1,-1,-1,-1,-1,-1,-1
878,-1,2,0,6,-1,-1,-1,-1,-1,-1,-1,-1,-1,-1,-1,-1
879,12,3,-2,6,906,907,-1,-1,-1,-1,-1,-1,-1,-1,-1,-1
880,1,4,-2,6,912,913,914,915,916,917,918,919,920,921,922,923
881,1,5,-2,6,932,933,934,935,936,937,938,939,940,941,942,943
882,0,6,-2,6,944,945,-1,-1,-1,-1,-1,-1,-1,-1,-1,-1
883,3,7,-2,6,946,947,948,949,-1,-1,-1,-1,-1,-1,-1,-1
884,-1,8,0,6,-1,-1,-1,-1,-1,-1,-1,-1,-1,-1,-1,-1
885,1,9,-2,6,950,951,952,953,954,955,956,957,958,959,960,961
886,1,10,-2,6,964,965,966,967,968,969,970,971,972,973,974,975
887,-1,11,0,6,-1,-1,-1,-1,-1,-1,-1,-1,-1,-1,-1,-1
888,-1,0,1,876,-1,-1,-1,-1,-1,-1,-1,-1,-1,-1,-1,-1
889,-1,1,1,876,-1,-1,-1,-1,-1,-1,-1,-1,-1,-1,-1,-1
890,-1,2,1,876,-1,-1,-1,-1,-1,-1,-1,-1,-1,-1,-1,-1
891,-1,3,0,876,-1,-1,-1,-1,-1,-1,-1,-1,-1,-1,-1,-1
892,-1,4,1,876,-1,-1,-1,-1,-1,-1,-1,-1,-1,-1,-1,-1
893,-1,5,1,876,-1,-1,-1,-1,-1,-1,-1,-1,-1,-1,-1,-1
894,-1,6,0,876,-1,-1,-1,-1,-1,-1,-1,-1,-1,-1,-1,-1
895,-1,7,1,876,-1,-1,-1,-1,-1,-1,-1,-1,-1,-1,-1,-1
896,-1,8,1,876,-1,-1,-1,-1,-1,-1,-1,-1,-1,-1,-1,-1
897,-1,9,0,876,-1,-1,-1,-1,-1,-1,-1,-1,-1,-1,-1,-1
898,-1,10,0,876,-1,-1,-1,-1,-1,-1,-1,-1,-1,-1,-1,-1
899,-1,11,0,876,-1,-1,-1,-1,-1,-1,-1,-1,-1,-1,-1,-1
900,3,0,-2,877,902,903,904,905,-1,-1,-1,-1,-1,-1,-1,-1
901,-1,1,0,877,-1,-1,-1,-1,-1,-1,-1,-1,-1,-1,-1,-1
902,-1,0,0,900,-1,-1,-1,-1,-1,-1,-1,-1,-1,-1,-1,-1
903,-1,1,1,900,-1,-1,-1,-1,-1,-1,-1,-1,-1,-1,-1,-1
904,-1,2,0,900,-1,-1,-1,-1,-1,-1,-1,-1,-1,-1,-1,-1
905,-1,3,1,900,-1,-1,-1,-1,-1,-1,-1,-1,-1,-1,-1,-1
906,-1,0,1,879,-1,-1,-1,-1,-1,-1,-1,-1,-1,-1,-1,-1
907,9,1,-2,879,908,909,-1,-1,-1,-1,-1,-1,-1,-1,-1,-1
908,-1,0,0,907,-1,-1,-1,-1,-1,-1,-1,-1,-1,-1,-1,-1
909,0,1,-2,907,910,911,-1,-1,-1,-1,-1,-1,-1,-1,-1,-1
910,-1,0,1,909,-1,-1,-1,-1,-1,-1,-1,-1,-1,-1,-1,-1
911,-1,1,1,909,-1,-1,-1,-1,-1,-1,-1,-1,-1,-1,-1,-1
912,-1,0,1,880,-1,-1,-1,-1,-1,-1,-1,-1,-1,-1,-1,-1
913,-1,1,1,880,-1,-1,-1,-1,-1,-1,-1,-1,-1,-1,-1,-1
914,-1,2,1,880,-1,-1,-1,-1,-1,-1,-1,-1,-1,-1,-1,-1
915,-1,3,0,880,-1,-1,-1,-1,-1,-1,-1,-1,-1,-1,-1,-1
916,-1,4,1,880,-1,-1,-1,-1,-1,-1,-1,-1,-1,-1,-1,-1
917,-1,5,1,880,-1,-1,-1,-1,-1,-1,-1,-1,-1,-1,-1,-1
918,-1,6,1,880,-1,-1,-1,-1,-1,-1,-1,-1,-1,-1,-1,-1
919,0,7,-2,880,924,925,-1,-1,-1,-1,-1,-1,-1,-1,-1,-1
920,-1,8,1,880,-1,-1,-1,-1,-1,-1,-1,-1,-1,-1,-1,-1
921,3,9,-2,880,926,927,928,929,-1,-1,-1,-1,-1,-1,-1,-1
922,5,10,-2,880,930,931,-1,-1,-1,-1,-1,-1,-1,-1,-1,-1
923,-1,11,0,880,-1,-1,-1,-1,-1,-1,-1,-1,-1,-1,-1,-1
924,-1,0,0,919,-1,-1,-1,-1,-1,-1,-1,-1,-1,-1,-1,-1
925,-1,1,1,919,-1,-1,-1,-1,-1,-1,-1,-1,-1,-1,-1,-1
926,-1,0,1,921,-1,-1,-1,-1,-1,-1,-1,-1,-1,-1,-1,-1
927,-1,1,0,921,-1,-1,-1,-1,-1,-1,-1,-1,-1,-1,-1,-1
928,-1,2,1,921,-1,-1,-1,-1,-1,-1,-1,-1,-1,-1,-1,-1
929,-1,3,1,921,-1,-1,-1,-1,-1,-1,-1,-1,-1,-1,-1,-1
930,-1,0,1,922,-1,-1,-1,-1,-1,-1,-1,-1,-1,-1,-1,-1
931,-1,1,0,922,-1,-1,-1,-1,-1,-1,-1,-1,-1,-1,-1,-1
932,-1,0,1,881,-1,-1,-1,-1,-1,-1,-1,-1,-1,-1,-1,-1
933,-1,1,1,881,-1,-1,-1,-1,-1,-1,-1,-1,-1,-1,-1,-1
934,-1,2,1,881,-1,-1,-1,-1,-1,-1,-1,-1,-1,-1,-1,-1
935,-1,3,1,881,-1,-1,-1,-1,-1,-1,-1,-1,-1,-1,-1,-1
936,-1,4,1,881,-1,-1,-1,-1,-1,-1,-1,-1,-1,-1,-1,-1
937,-1,5,1,881,-1,-1,-1,-1,-1,-1,-1,-1,-1,-1,-1,-1
938,-1,6,1,881,-1,-1,-1,-1,-1,-1,-1,-1,-1,-1,-1,-1
939,-1,7,1,881,-1,-1,-1,-1,-1,-1,-1,-1,-1,-1,-1,-1
940,-1,8,1,881,-1,-1,-1,-1,-1,-1,-1,-1,-1,-1,-1,-1
941,-1,9,1,881,-1,-1,-1,-1,-1,-1,-1,-1,-1,-1,-1,-1
942,-1,10,0,881,-1,-1,-1,-1,-1,-1,-1,-1,-1,-1,-1,-1
943,-1,11,1,881,-1,-1,-1,-1,-1,-1,-1,-1,-1,-1,-1,-1
944,-1,0,0,882,-1,-1,-1,-1,-1,-1,-1,-1,-1,-1,-1,-1
945,-1,1,1,882,-1,-1,-1,-1,-1,-1,-1,-1,-1,-1,-1,-1
946,-1,0,0,883,-1,-1,-1,-1,-1,-1,-1,-1,-1,-1,-1,-1
947,-1,1,0,883,-1,-1,-1,-1,-1,-1,-1,-1,-1,-1,-1,-1
948,-1,2,1,883,-1,-1,-1,-1,-1,-1,-1,-1,-1,-1,-1,-1
949,-1,3,1,883,-1,-1,-1,-1,-1,-1,-1,-1,-1,-1,-1,-1
950,-1,0,1,885,-1,-1,-1,-1,-1,-1,-1,-1,-1,-1,-1,-1
951,-1,1,1,885,-1,-1,-1,-1,-1,-1,-1,-1,-1,-1,-1,-1
952,-1,2,1,885,-1,-1,-1,-1,-1,-1,-1,-1,-1,-1,-1,-1
953,-1,3,0,885,-1,-1,-1,-1,-1,-1,-1,-1,-1,-1,-1,-1
954,-1,4,1,885,-1,-1,-1,-1,-1,-1,-1,-1,-1,-1,-1,-1
955,-1,5,1,885,-1,-1,-1,-1,-1,-1,-1,-1,-1,-1,-1,-1
956,-1,6,1,885,-1,-1,-1,-1,-1,-1,-1,-1,-1,-1,-1,-1
957,-1,7,0,885,-1,-1,-1,-1,-1,-1,-1,-1,-1,-1,-1,-1
958,-1,8,1,885,-1,-1,-1,-1,-1,-1,-1,-1,-1,-1,-1,-1
959,-1,9,0,885,-1,-1,-1,-1,-1,-1,-1,-1,-1,-1,-1,-1
960,0,10,-2,885,962,963,-1,-1,-1,-1,-1,-1,-1,-1,-1,-1
961,-1,11,1,885,-1,-1,-1,-1,-1,-1,-1,-1,-1,-1,-1,-1
962,-1,0,1,960,-1,-1,-1,-1,-1,-1,-1,-1,-1,-1,-1,-1
963,-1,1,0,960,-1,-1,-1,-1,-1,-1,-1,-1,-1,-1,-1,-1
964,-1,0,1,886,-1,-1,-1,-1,-1,-1,-1,-1,-1,-1,-1,-1
965,-1,1,1,886,-1,-1,-1,-1,-1,-1,-1,-1,-1,-1,-1,-1
966,-1,2,0,886,-1,-1,-1,-1,-1,-1,-1,-1,-1,-1,-1,-1
967,0,3,-2,886,976,977,-1,-1,-1,-1,-1,-1,-1,-1,-1,-1
968,-1,4,1,886,-1,-1,-1,-1,-1,-1,-1,-1,-1,-1,-1,-1
969,-1,5,1,886,-1,-1,-1,-1,-1,-1,-1,-1,-1,-1,-1,-1
970,-1,6,0,886,-1,-1,-1,-1,-1,-1,-1,-1,-1,-1,-1,-1
971,-1,7,0,886,-1,-1,-1,-1,-1,-1,-1,-1,-1,-1,-1,-1
972,-1,8,1,886,-1,-1,-1,-1,-1,-1,-1,-1,-1,-1,-1,-1
973,-1,9,1,886,-1,-1,-1,-1,-1,-1,-1,-1,-1,-1,-1,-1
974,-1,10,1,886,-1,-1,-1,-1,-1,-1,-1,-1,-1,-1,-1,-1
975,-1,11,0,886,-1,-1,-1,-1,-1,-1,-1,-1,-1,-1,-1,-1
976,-1,0,0,967,-1,-1,-1,-1,-1,-1,-1,-1,-1,-1,-1,-1
977,-1,1,1,967,-1,-1,-1,-1,-1,-1,-1,-1,-1,-1,-1,-1
978,2,0,-2,2,990,991,992,-1,-1,-1,-1,-1,-1,-1,-1,-1
979,9,1,-2,2,1007,1008,-1,-1,-1,-1,-1,-1,-1,-1,-1,-1
980,1,2,-2,2,1055,1056,1057,1058,1059,1060,1061,1062,1063,1064,1065,1066
981,1,3,-2,2,1086,1087,1088,1089,1090,1091,1092,1093,1094,1095,1096,1097
982,1,4,-2,2,1120,1121,1122,1123,1124,1125,1126,1127,1128,1129,1130,1131
983,15,5,-2,2,1151,1152,1153,1154,-1,-1,-1,-1,-1,-1,-1,-1
984,1,6,-2,2,1208,1209,1210,1211,1212,1213,1214,1215,1216,1217,1218,1219
985,15,7,-2,2,1241,1242,1243,1244,-1,-1,-1,-1,-1,-1,-1,-1
986,3,8,-2,2,1295,1296,1297,1298,-1,-1,-1,-1,-1,-1,-1,-1
987,1,9,-2,2,1331,1332,1333,1334,1335,1336,1337,1338,1339,1340,1341,1342
988,9,10,-2,2,1360,1361,-1,-1,-1,-1,-1,-1,-1,-1,-1,-1
989,1,11,-2,2,1394,1395,1396,1397,1398,1399,1400,1401,1402,1403,1404,1405
990,-1,0,1,978,-1,-1,-1,-1,-1,-1,-1,-1,-1,-1,-1,-1
991,-1,1,1,978,-1,-1,-1,-1,-1,-1,-1,-1,-1,-1,-1,-1
992,0,2,-2,978,993,994,-1,-1,-1,-1,-1,-1,-1,-1,-1,-1
993,1,0,-2,992,995,996,997,998,999,1000,1001,1002,1003,1004,1005,1006
994,-1,1,1,992,-1,-1,-1,-1,-1,-1,-1,-1,-1,-1,-1,-1
995,-1,0,1,993,-1,-1,-1,-1,-1,-1,-1,-1,-1,-1,-1,-1
996,-1,1,1,993,-1,-1,-1,-1,-1,-1,-1,-1,-1,-1,-1,-1
997,-1,2,1,993,-1,-1,-1,-1,-1,-1,-1,-1,-1,-1,-1,-1
998,-1,3,0,993,-1,-1,-1,-1,-1,-1,-1,-1,-1,-1,-1,-1
999,-1,4,1,993,-1,-1,-1,-1,-1,-1,-1,-1,-1,-1,-1,-1
1000,-1,5,1,993,-1,-1,-1,-1,-1,-1,-1,-1,-1,-1,-1,-1
1001,-1,6,1,993,-1,-1,-1,-1,-1,-1,-1,-1,-1,-1,-1,-1
1002,-1,7,1,993,-1,-1,-1,-1,-1,-1,-1,-1,-1,-1,-1,-1
1003,-1,8,1,993,-1,-1,-1,-1,-1,-1,-1,-1,-1,-1,-1,-1
1004,-1,9,1,993,-1,-1,-1,-1,-1,-1,-1,-1,-1,-1,-1,-1
1005,-1,10,1,993,-1,-1,-1,-1,-1,-1,-1,-1,-1,-1,-1,-1
1006,-1,11,1,993,-1,-1,-1,-1,-1,-1,-1,-1,-1,-1,-1,-1
1007,1,0,-2,979,1009,1010,1011,1012,1013,1014,1015,1016,1017,1018,1019,1020
1008,15,1,-2,979,1028,1029,1030,1031,-1,-1,-1,-1,-1,-1,-1,-1
1009,-1,0,1,1007,-1,-1,-1,-1,-1,-1,-1,-1,-1,-1,-1,-1
1010,-1,1,1,1007,-1,-1,-1,-1,-1,-1,-1,-1,-1,-1,-1,-1
1011,-1,2,0,1007,-1,-1,-1,-1,-1,-1,-1,-1,-1,-1,-1,-1
1012,2,3,-2,1007,1021,1022,1023,-1,-1,-1,-1,-1,-1,-1,-1,-1
1013,-1,4,1,1007,-1,-1,-1,-1,-1,-1,-1,-1,-1,-1,-1,-1
1014,-1,5,1,1007,-1,-1,-1,-1,-1,-1,-1,-1,-1,-1,-1,-1
1015,-1,6,0,1007,-1,-1,-1,-1,-1,-1,-1,-1,-1,-1,-1,-1
1016,-1,7,1,1007,-1,-1,-1,-1,-1,-1,-1,-1,-1,-1,-1,-1
1017,-1,8,1,1007,-1,-1,-1,-1,-1,-1,-1,-1,-1,-1,-1,-1
1018,3,9,-2,1007,1024,1025,1026,1027,-1,-1,-1,-1,-1,-1,-1,-1
1019,-1,10,1,1007,-1,-1,-1,-1,-1,-1,-1,-1,-1,-1,-1,-1
1020,-1,11,1,1007,-1,-1,-1,-1,-1,-1,-1,-1,-1,-1,-1,-1
1021,-1,0,1,1012,-1,-1,-1,-1,-1,-1,-1,-1,-1,-1,-1,-1
1022,-1,1,0,1012,-1,-1,-1,-1,-1,-1,-1,-1,-1,-1,-1,-1
1023,-1,2,1,1012,-1,-1,-1,-1,-1,-1,-1,-1,-1,-1,-1,-1
1024,-1,0,1,1018,-1,-1,-1,-1,-1,-1,-1,-1,-1,-1,-1,-1
1025,-1,1,1,1018,-1,-1,-1,-1,-1,-1,-1,-1,-1,-1,-1,-1
1026,-1,2,1,1018,-1,-1,-1,-1,-1,-1,-1,-1,-1,-1,-1,-1
1027,-1,3,0,1018,-1,-1,-1,-1,-1,-1,-1,-1,-1,-1,-1,-1
1028,3,0,-2,1008,1032,1033,1034,1035,-1,-1,-1,-1,-1,-1,-1,-1
1029,-1,1,1,1008,-1,-1,-1,-1,-1,-1,-1,-1,-1,-1,-1,-1
1030,-1,2,1,1008,-1,-1,-1,-1,-1,-1,-1,-1,-1,-1,-1,-1
1031,1,3,-2,1008,1041,1042,1043,1044,1045,1046,1047,1048,1049,1050,1051,1052
1032,-1,0,1,1028,-1,-1,-1,-1,-1,-1,-1,-1,-1,-1,-1,-1
1033,-1,1,1,1028,-1,-1,-1,-1,-1,-1,-1,-1,-1,-1,-1,-1
1034,6,2,-2,1028,1036,1037,-1,-1,-1,-1,-1,-1,-1,-1,-1,-1
1035,2,3,-2,1028,1038,1039,1040,-1,-1,-1,-1,-1,-1,-1,-1,-1
1036,-1,0,1,1034,-1,-1,-1,-1,-1,-1,-1,-1,-1,-1,-1,-1
1037,-1,1,1,1034,-1,-1,-1,-1,-1,-1,-1,-1,-1,-1,-1,-1
1038,-1,0,1,1035,-1,-1,-1,-1,-1,-1,-1,-1,-1,-1,-1,-1
1039,-1,1,1,1035,-1,-1,-1,-1,-1,-1,-1,-1,-1,-1,-1,-1
1040,-1,2,1,1035,-1,-1,-1,-1,-1,-1,-1,-1,-1,-1,-1,-1
1041,-1,0,0,1031,-1,-1,-1,-1,-1,-1,-1,-1,-1,-1,-1,-1
1042,-1,1,0,1031,-1,-1,-1,-1,-1,-1,-1,-1,-1,-1,-1,-1
1043,-1,2,0,1031,-1,-1,-1,-1,-1,-1,-1,-1,-1,-1,-1,-1
1044,0,3,-2,1031,1053,1054,-1,-1,-1,-1,-1,-1,-1,-1,-1,-1
1045,-1,4,0,1031,-1,-1,-1,-1,-1,-1,-1,-1,-1,-1,-1,-1
1046,-1,5,0,1031,-1,-1,-1,-1,-1,-1,-1,-1,-1,-1,-1,-1
1047,-1,6,0,1031,-1,-1,-1,-1,-1,-1,-1,-1,-1,-1,-1,-1
1048,-1,7,0,1031,-1,-1,-1,-1,-1,-1,-1,-1,-1,-1,-1,-1
1049,-1,8,0,1031,-1,-1,-1,-1,-1,-1,-1,-1,-1,-1,-1,-1
1050,-1,9,0,1031,-1,-1,-1,-1,-1,-1,-1,-1,-1,-1,-1,-1
1051,-1,10,1,1031,-1,-1,-1,-1,-1,-1,-1,-1,-1,-1,-1,-1
1052,-1,11,0,1031,-1,-1,-1,-1,-1,-1,-1,-1,-1,-1,-1,-1
1053,-1,0,1,1044,-1,-1,-1,-1,-1,-1,-1,-1,-1,-1,-1,-1
1054,-1,1,1,1044,-1,-1,-1,-1,-1,-1,-1,-1,-1,-1,-1,-1
1055,-1,0,0,980,-1,-1,-1,-1,-1,-1,-1,-1,-1,-1,-1,-1
1056,-1,1,0,980,-1,-1,-1,-1,-1,-1,-1,-1,-1,-1,-1,-1
1057,2,2,-2,980,1067,1068,1069,-1,-1,-1,-1,-1,-1,-1,-1,-1
1058,12,3,-2,980,1070,1071,-1,-1,-1,-1,-1,-1,-1,-1,-1,-1
1059,-1,4,1,980,-1,-1,-1,-1,-1,-1,-1,-1,-1,-1,-1,-1
1060,-1,5,0,980,-1,-1,-1,-1,-1,-1,-1,-1,-1,-1,-1,-1
1061,5,6,-2,980,1079,1080,-1,-1,-1,-1,-1,-1,-1,-1,-1,-1
1062,-1,7,1,980,-1,-1,-1,-1,-1,-1,-1,-1,-1,-1,-1,-1
1063,-1,8,0,980,-1,-1,-1,-1,-1,-1,-1,-1,-1,-1,-1,-1
1064,12,9,-2,980,1081,1082,-1,-1,-1,-1,-1,-1,-1,-1,-1,-1
1065,-1,10,0,980,-1,-1,-1,-1,-1,-1,-1,-1,-1,-1,-1,-1
1066,-1,11,0,980,-1,-1,-1,-1,-1,-1,-1,-1,-1,-1,-1,-1
1067,-1,0,0,1057,-1,-1,-1,-1,-1,-1,-1,-1,-1,-1,-1,-1
1068,-1,1,1,1057,-1,-1,-1,-1,-1,-1,-1,-1,-1,-1,-1,-1
1069,-1,2,1,1057,-1,-1,-1,-1,-1,-1,-1,-1,-1,-1,-1,-1
1070,-1,0,1,1058,-1,-1,-1,-1,-1,-1,-1,-1,-1,-1,-1,-1
1071,2,1,-2,1058,1072,1073,1074,-1,-1,-1,-1,-1,-1,-1,-1,-1
1072,-1,0,0,1071,-1,-1,-1,-1,-1,-1,-1,-1,-1,-1,-1,-1
1073,-1,1,1,1071,-1,-1,-1,-1,-1,-1,-1,-1,-1,-1,-1,-1
1074,3,2,-2,1071,1075,1076,1077,1078,-1,-1,-1,-1,-1,-1,-1,-1
1075,-1,0,1,1074,-1,-1,-1,-1,-1,-1,-1,-1,-1,-1,-1,-1
1076,-1,1,1,1074,-1,-1,-1,-1,-1,-1,-1,-1,-1,-1,-1,-1
1077,-1,2,1,1074,-1,-1,-1,-1,-1,-1,-1,-1,-1,-1,-1,-1
1078,-1,3,1,1074,-1,-1,-1,-1,-1,-1,-1,-1,-1,-1,-1,-1
1079,-1,0,1,1061,-1,-1,-1,-1,-1,-1,-1,-1,-1,-1,-1,-1
1080,-1,1,0,1061,-1,-1,-1,-1,-1,-1,-1,-1,-1,-1,-1,-1
1081,-1,0,0,1064,-1,-1,-1,-1,-1,-1,-1,-1,-1,-1,-1,-1
1082,2,1,-2,1064,1083,1084,1085,-1,-1,-1,-1,-1,-1,-1,-1,-1
1083,-1,0,0,1082,-1,-1,-1,-1,-1,-1,-1,-1,-1,-1,-1,-1
1084,-1,1,1,1082,-1,-1,-1,-1,-1,-1,-1,-1,-1,-1,-1,-1
1085,-1,2,1,1082,-1,-1,-1,-1,-1,-1,-1,-1,-1,-1,-1,-1
1086,-1,0,1,981,-1,-1,-1,-1,-1,-1,-1,-1,-1,-1,-1,-1
1087,-1,1,1,981,-1,-1,-1,-1,-1,-1,-1,-1,-1,-1,-1,-1
1088,-1,2,1,981,-1,-1,-1,-1,-1,-1,-1,-1,-1,-1,-1,-1
1089,6,3,-2,981,1098,1099,-1,-1,-1,-1,-1,-1,-1,-1,-1,-1
1090,-1,4,1,981,-1,-1,-1,-1,-1,-1,-1,-1,-1,-1,-1,-1
1091,-1,5,1,981,-1,-1,-1,-1,-1,-1,-1,-1,-1,-1,-1,-1
1092,5,6,-2,981,1102,1103,-1,-1,-1,-1,-1,-1,-1,-1,-1,-1
1093,15,7,-2,981,1104,1105,1106,1107,-1,-1,-1,-1,-1,-1,-1,-1
1094,2,8,-2,981,1108,1109,1110,-1,-1,-1,-1,-1,-1,-1,-1,-1
1095,-1,9,1,981,-1,-1,-1,-1,-1,-1,-1,-1,-1,-1,-1,-1
1096,2,10,-2,981,1111,1112,1113,-1,-1,-1,-1,-1,-1,-1,-1,-1
1097,-1,11,1,981,-1,-1,-1,-1,-1,-1,-1,-1,-1,-1,-1,-1
1098,-1,0,1,1089,-1,-1,-1,-1,-1,-1,-1,-1,-1,-1,-1,-1
1099,12,1,-2,1089,1100,1101,-1,-1,-1,-1,-1,-1,-1,-1,-1,-1
1100,-1,0,1,1099,-1,-1,-1,-1,-1,-1,-1,-1,-1,-1,-1,-1
1101,-1,1,0,1099,-1,-1,-1,-1,-1,-1,-1,-1,-1,-1,-1,-1
1102,-1,0,1,1092,-1,-1,-1,-1,-1,-1,-1,-1,-1,-1,-1,-1
1103,-1,1,0,1092,-1,-1,-1,-1,-1,-1,-1,-1,-1,-1,-1,-1
1104,-1,0,1,1093,-1,-1,-1,-1,-1,-1,-1,-1,-1,-1,-1,-1
1105,-1,1,1,1093,-1,-1,-1,-1,-1,-1,-1,-1,-1,-1,-1,-1
1106,-1,2,1,1093,-1,-1,-1,-1,-1,-1,-1,-1,-1,-1,-1,-1
1107,-1,3,0,1093,-1,-1,-1,-1,-1,-1,-1,-1,-1,-1,-1,-1
1108,-1,0,1,1094,-1,-1,-1,-1,-1,-1,-1,-1,-1,-1,-1,-1
1109,-1,1,0,1094,-1,-1,-1,-1,-1,-1,-1,-1,-1,-1,-1,-1
1110,-1,2,1,1094,-1,-1,-1,-1,-1,-1,-1,-1,-1,-1,-1,-1
1111,9,0,-2,1096,1114,1115,-1,-1,-1,-1,-1,-1,-1,-1,-1,-1
1112,6,1,-2,1096,1118,1119,-1,-1,-1,-1,-1,-1,-1,-1,-1,-1
1113,-1,2,1,1096,-1,-1,-1,-1,-1,-1,-1,-1,-1,-1,-1,-1
1114,-1,0,1,1111,-1,-1,-1,-1,-1,-1,-1,-1,-1,-1,-1,-1
1115,5,1,-2,1111,1116,1117,-1,-1,-1,-1,-1,-1,-1,-1,-1,-1
1116,-1,0,1,1115,-1,-1,-1,-1,-1,-1,-1,-1,-1,-1,-1,-1
1117,-1,1,1,1115,-1,-1,-1,-1,-1,-1,-1,-1,-1,-1,-1,-1
1118,-1,0,1,1112,-1,-1,-1,-1,-1,-1,-1,-1,-1,-1,-1,-1
1119,-1,1,0,1112,-1,-1,-1,-1,-1,-1,-1,-1,-1,-1,-1,-1
1120,-1,0,1,982,-1,-1,-1,-1,-1,-1,-1,-1,-1,-1,-1,-1
1121,-1,1,1,982,-1,-1,-1,-1,-1,-1,-1,-1,-1,-1,-1,-1
1122,6,2,-2,982,1132,1133,-1,-1,-1,-1,-1,-1,-1,-1,-1,-1
1123,15,3,-2,982,1136,1137,1138,1139,-1,-1,-1,-1,-1,-1,-1,-1
1124,-1,4,1,982,-1,-1,-1,-1,-1,-1,-1,-1,-1,-1,-1,-1
1125,-1,5,1,982,-1,-1,-1,-1,-1,-1,-1,-1,-1,-1,-1,-1
1126,-1,6,1,982,-1,-1,-1,-1,-1,-1,-1,-1,-1,-1,-1,-1
1127,-1,7,1,982,-1,-1,-1,-1,-1,-1,-1,-1,-1,-1,-1,-1
1128,-1,8,1,982,-1,-1,-1,-1,-1,-1,-1,-1,-1,-1,-1,-1
1129,-1,9,1,982,-1,-1,-1,-1,-1,-1,-1,-1,-1,-1,-1,-1
1130,-1,10,1,982,-1,-1,-1,-1,-1,-1,-1,-1,-1,-1,-1,-1
1131,2,11,-2,982,1142,1143,1144,-1,-1,-1,-1,-1,-1,-1,-1,-1
1132,-1,0,1,1122,-1,-1,-1,-1,-1,-1,-1,-1,-1,-1,-1,-1
1133,12,1,-2,1122,1134,1135,-1,-1,-1,-1,-1,-1,-1,-1,-1,-1
1134,-1,0,1,1133,-1,-1,-1,-1,-1,-1,-1,-1,-1,-1,-1,-1
1135,-1,1,0,1133,-1,-1,-1,-1,-1,-1,-1,-1,-1,-1,-1,-1
1136,-1,0,1,1123,-1,-1,-1,-1,-1,-1,-1,-1,-1,-1,-1,-1
1137,-1,1,1,1123,-1,-1,-1,-1,-1,-1,-1,-1,-1,-1,-1,-1
1138,-1,2,1,1123,-1,-1,-1,-1,-1,-1,-1,-1,-1,-1,-1,-1
1139,6,3,-2,1123,1140,1141,-1,-1,-1,-1,-1,-1,-1,-1,-1,-1
1140,-1,0,1,1139,-1,-1,-1,-1,-1,-1,-1,-1,-1,-1,-1,-1
1141,-1,1,0,1139,-1,-1,-1,-1,-1,-1,-1,-1,-1,-1,-1,-1
1142,-1,0,1,1131,-1,-1,-1,-1,-1,-1,-1,-1,-1,-1,-1,-1
1143,-1,1,1,1131,-1,-1,-1,-1,-1,-1,-1,-1,-1,-1,-1,-1
1144,9,2,-2,1131,1145,1146,-1,-1,-1,-1,-1,-1,-1,-1,-1,-1
1145,3,0,-2,1144,1147,1148,1149,1150,-1,-1,-1,-1,-1,-1,-1,-1
1146,-1,1,1,1144,-1,-1,-1,-1,-1,-1,-1,-1,-1,-1,-1,-1
1147,-1,0,1,1145,-1,-1,-1,-1,-1,-1,-1,-1,-1,-1,-1,-1
1148,-1,1,1,1145,-1,-1,-1,-1,-1,-1,-1,-1,-1,-1,-1,-1
1149,-1,2,1,1145,-1,-1,-1,-1,-1,-1,-1,-1,-1,-1,-1,-1
1150,-1,3,1,1145,-1,-1,-1,-1,-1,-1,-1,-1,-1,-1,-1,-1
1151,3,0,-2,983,1155,1156,1157,1158,-1,-1,-1,-1,-1,-1,-1,-1
1152,-1,1,1,983,-1,-1,-1,-1,-1,-1,-1,-1,-1,-1,-1,-1
1153,1,2,-2,983,1181,1182,1183,1184,1185,1186,1187,1188,1189,1190,1191,1192
1154,1,3,-2,983,1196,1197,1198,1199,1200,1201,1202,1203,1204,1205,1206,1207
1155,2,0,-2,1151,1159,1160,1161,-1,-1,-1,-1,-1,-1,-1,-1,-1
1156,-1,1,1,1151,-1,-1,-1,-1,-1,-1,-1,-1,-1,-1,-1,-1
1157,-1,2,1,1151,-1,-1,-1,-1,-1,-1,-1,-1,-1,-1,-1,-1
1158,1,3,-2,1151,1164,1165,1166,1167,1168,1169,1170,1171,1172,1173,1174,1175
1159,-1,0,1,1155,-1,-1,-1,-1,-1,-1,-1,-1,-1,-1,-1,-1
1160,0,1,-2,1155,1162,1163,-1,-1,-1,-1,-1,-1,-1,-1,-1,-1
1161,-1,2,1,1155,-1,-1,-1,-1,-1,-1,-1,-1,-1,-1,-1,-1
1162,-1,0,1,1160,-1,-1,-1,-1,-1,-1,-1,-1,-1,-1,-1,-1
1163,-1,1,1,1160,-1,-1,-1,-1,-1,-1,-1,-1,-1,-1,-1,-1
1164,-1,0,1,1158,-1,-1,-1,-1,-1,-1,-1,-1,-1,-1,-1,-1
1165,-1,1,1,1158,-1,-1,-1,-1,-1,-1,-1,-1,-1,-1,-1,-1
1166,-1,2,1,1158,-1,-1,-1,-1,-1,-1,-1,-1,-1,-1,-1,-1
1167,2,3,-2,1158,1176,1177,1178,-1,-1,-1,-1,-1,-1,-1,-1,-1
1168,-1,4,1,1158,-1,-1,-1,-1,-1,-1,-1,-1,-1,-1,-1,-1
1169,-1,5,1,1158,-1,-1,-1,-1,-1,-1,-1,-1,-1,-1,-1,-1
1170,-1,6,1,1158,-1,-1,-1,-1,-1,-1,-1,-1,-1,-1,-1,-1
1171,-1,7,1,1158,-1,-1,-1,-1,-1,-1,-1,-1,-1,-1,-1,-1
1172,-1,8,1,1158,-1,-1,-1,-1,-1,-1,-1,-1,-1,-1,-1,-1
1173,-1,9,1,1158,-1,-1,-1,-1,-1,-1,-1,-1,-1,-1,-1,-1
1174,12,10,-2,1158,1179,1180,-1,-1,-1,-1,-1,-1,-1,-1,-1,-1
1175,-1,11,1,1158,-1,-1,-1,-1,-1,-1,-1,-1,-1,-1,-1,-1
1176,-1,0,1,1167,-1,-1,-1,-1,-1,-1,-1,-1,-1,-1,-1,-1
1177,-1,1,1,1167,-1,-1,-1,-1,-1,-1,-1,-1,-1,-1,-1,-1
1178,-1,2,1,1167,-1,-1,-1,-1,-1,-1,-1,-1,-1,-1,-1,-1
1179,-1,0,1,1174,-1,-1,-1,-1,-1,-1,-1,-1,-1,-1,-1,-1
1180,-1,1,1,1174,-1,-1,-1,-1,-1,-1,-1,-1,-1,-1,-1,-1
1181,-1,0,1,1153,-1,-1,-1,-1,-1,-1,-1,-1,-1,-1,-1,-1
1182,-1,1,1,1153,-1,-1,-1,-1,-1,-1,-1,-1,-1,-1,-1,-1
1183,-1,2,1,1153,-1,-1,-1,-1,-1,-1,-1,-1,-1,-1,-1,-1
1184,-1,3,1,1153,-1,-1,-1,-1,-1,-1,-1,-1,-1,-1,-1,-1
1185,-1,4,1,1153,-1,-1,-1,-1,-1,-1,-1,-1,-1,-1,-1,-1
1186,-1,5,0,1153,-1,-1,-1,-1,-1,-1,-1,-1,-1,-1,-1,-1
1187,-1,6,1,1153,-1,-1,-1,-1,-1,-1,-1,-1,-1,-1,-1,-1
1188,2,7,-2,1153,1193,1194,1195,-1,-1,-1,-1,-1,-1,-1,-1,-1
1189,-1,8,1,1153,-1,-1,-1,-1,-1,-1,-1,-1,-1,-1,-1,-1
1190,-1,9,1,1153,-1,-1,-1,-1,-1,-1,-1,-1,-1,-1,-1,-1
1191,-1,10,1,1153,-1,-1,-1,-1,-1,-1,-1,-1,-1,-1,-1,-1
1192,-1,11,1,1153,-1,-1,-1,-1,-1,-1,-1,-1,-1,-1,-1,-1
1193,-1,0,0,1188,-1,-1,-1,-1,-1,-1,-1,-1,-1,-1,-1,-1
1194,-1,1,1,1188,-1,-1,-1,-1,-1,-1,-1,-1,-1,-1,-1,-1
1195,-1,2,1,1188,-1,-1,-1,-1,-1,-1,-1,-1,-1,-1,-1,-1
1196,-1,0,0,1154,-1,-1,-1,-1,-1,-1,-1,-1,-1,-1,-1,-1
1197,-1,1,0,1154,-1,-1,-1,-1,-1,-1,-1,-1,-1,-1,-1,-1
1198,-1,2,0,1154,-1,-1,-1,-1,-1,-1,-1,-1,-1,-1,-1,-1
1199,-1,3,1,1154,-1,-1,-1,-1,-1,-1,-1,-1,-1,-1,-1,-1
1200,-1,4,0,1154,-1,-1,-1,-1,-1,-1,-1,-1,-1,-1,-1,-1
1201,-1,5,0,1154,-1,-1,-1,-1,-1,-1,-1,-1,-1,-1,-1,-1
1202,-1,6,0,1154,-1,-1,-1,-1,-1,-1,-1,-1,-1,-1,-1,-1
1203,-1,7,0,1154,-1,-1,-1,-1,-1,-1,-1,-1,-1,-1,-1,-1
1204,-1,8,0,1154,-1,-1,-1,-1,-1,-1,-1,-1,-1,-1,-1,-1
1205,-1,9,0,1154,-1,-1,-1,-1,-1,-1,-1,-1,-1,-1,-1,-1
1206,-1,10,1,1154,-1,-1,-1,-1,-1,-1,-1,-1,-1,-1,-1,-1
1207,-1,11,0,1154,-1,-1,-1,-1,-1,-1,-1,-1,-1,-1,-1,-1
1208,-1,0,1,984,-1,-1,-1,-1,-1,-1,-1,-1,-1,-1,-1,-1
1209,-1,1,1,984,-1,-1,-1,-1,-1,-1,-1,-1,-1,-1,-1,-1
1210,-1,2,1,984,-1,-1,-1,-1,-1,-1,-1,-1,-1,-1,-1,-1
1211,9,3,-2,984,1220,1221,-1,-1,-1,-1,-1,-1,-1,-1,-1,-1
1212,-1,4,1,984,-1,-1,-1,-1,-1,-1,-1,-1,-1,-1,-1,-1
1213,9,5,-2,984,1226,1227,-1,-1,-1,-1,-1,-1,-1,-1,-1,-1
1214,-1,6,1,984,-1,-1,-1,-1,-1,-1,-1,-1,-1,-1,-1,-1
1215,12,7,-2,984,1233,1234,-1,-1,-1,-1,-1,-1,-1,-1,-1,-1
1216,-1,8,1,984,-1,-1,-1,-1,-1,-1,-1,-1,-1,-1,-1,-1
1217,-1,9,1,984,-1,-1,-1,-1,-1,-1,-1,-1,-1,-1,-1,-1
1218,-1,10,1,984,-1,-1,-1,-1,-1,-1,-1,-1,-1,-1,-1,-1
1219,-1,11,1,984,-1,-1,-1,-1,-1,-1,-1,-1,-1,-1,-1,-1
1220,-1,0,1,1211,-1,-1,-1,-1,-1,-1,-1,-1,-1,-1,-1,-1
1221,5,1,-2,1211,1222,1223,-1,-1,-1,-1,-1,-1,-1,-1,-1,-1
1222,6,0,-2,1221,1224,1225,-1,-1,-1,-1,-1,-1,-1,-1,-1,-1
1223,-1,1,1,1221,-1,-1,-1,-1,-1,-1,-1,-1,-1,-1,-1,-1
1224,-1,0,1,1222,-1,-1,-1,-1,-1,-1,-1,-1,-1,-1,-1,-1
1225,-1,1,1,1222,-1,-1,-1,-1,-1,-1,-1,-1,-1,-1,-1,-1
1226,-1,0,1,1213,-1,-1,-1,-1,-1,-1,-1,-1,-1,-1,-1,-1
1227,7,1,-2,1213,1228,1229,-1,-1,-1,-1,-1,-1,-1,-1,-1,-1
1228,2,0,-2,1227,1230,1231,1232,-1,-1,-1,-1,-1,-1,-1,-1,-1
1229,-1,1,1,1227,-1,-1,-1,-1,-1,-1,-1,-1,-1,-1,-1,-1
1230,-1,0,1,1228,-1,-1,-1,-1,-1,-1,-1,-1,-1,-1,-1,-1
1231,-1,1,1,1228,-1,-1,-1,-1,-1,-1,-1,-1,-1,-1,-1,-1
1232,-1,2,1,1228,-1,-1,-1,-1,-1,-1,-1,-1,-1,-1,-1,-1
1233,-1,0,1,1215,-1,-1,-1,-1,-1,-1,-1,-1,-1,-1,-1,-1
1234,5,1,-2,1215,1235,1236,-1,-1,-1,-1,-1,-1,-1,-1,-1,-1
1235,0,0,-2,1234,1237,1238,-1,-1,-1,-1,-1,-1,-1,-1,-1,-1
1236,6,1,-2,1234,1239,1240,-1,-1,-1,-1,-1,-1,-1,-1,-1,-1
1237,-1,0,1,1235,-1,-1,-1,-1,-1,-1,-1,-1,-1,-1,-1,-1
1238,-1,1,1,1235,-1,-1,-1,-1,-1,-1,-1,-1,-1,-1,-1,-1
1239,-1,0,1,1236,-1,-1,-1,-1,-1,-1,-1,-1,-1,-1,-1,-1
1240,-1,1,1,1236,-1,-1,-1,-1,-1,-1,-1,-1,-1,-1,-1,-1
1241,1,0,-2,985,1245,1246,1247,1248,1249,1250,1251,1252,1253,1254,1255,1256
1242,9,1,-2,985,1265,1266,-1,-1,-1,-1,-1,-1,-1,-1,-1,-1
1243,1,2,-2,985,1267,1268,1269,1270,1271,1272,1273,1274,1275,1276,1277,1278
1244,5,3,-2,985,1293,1294,-1,-1,-1,-1,-1,-1,-1,-1,-1,-1
1245,-1,0,1,1241,-1,-1,-1,-1,-1,-1,-1,-1,-1,-1,-1,-1
1246,-1,1,1,1241,-1,-1,-1,-1,-1,-1,-1,-1,-1,-1,-1,-1
1247,5,2,-2,1241,1257,1258,-1,-1,-1,-1,-1,-1,-1,-1,-1,-1
1248,-1,3,1,1241,-1,-1,-1,-1,-1,-1,-1,-1,-1,-1,-1,-1
1249,-1,4,1,1241,-1,-1,-1,-1,-1,-1,-1,-1,-1,-1,-1,-1
1250,-1,5,1,1241,-1,-1,-1,-1,-1,-1,-1,-1,-1,-1,-1,-1
1251,-1,6,1,1241,-1,-1,-1,-1,-1,-1,-1,-1,-1,-1,-1,-1
1252,-1,7,1,1241,-1,-1,-1,-1,-1,-1,-1,-1,-1,-1,-1,-1
1253,-1,8,1,1241,-1,-1,-1,-1,-1,-1,-1,-1,-1,-1,-1,-1
1254,-1,9,1,1241,-1,-1,-1,-1,-1,-1,-1,-1,-1,-1,-1,-1
1255,3,10,-2,1241,1259,1260,1261,1262,-1,-1,-1,-1,-1,-1,-1,-1
1256,-1,11,1,1241,-1,-1,-1,-1,-1,-1,-1,-1,-1,-1,-1,-1
1257,-1,0,1,1247,-1,-1,-1,-1,-1,-1,-1,-1,-1,-1,-1,-1
1258,-1,1,0,1247,-1,-1,-1,-1,-1,-1,-1,-1,-1,-1,-1,-1
1259,-1,0,1,1255,-1,-1,-1,-1,-1,-1,-1,-1,-1,-1,-1,-1
1260,-1,1,1,1255,-1,-1,-1,-1,-1,-1,-1,-1,-1,-1,-1,-1
1261,-1,2,1,1255,-1,-1,-1,-1,-1,-1,-1,-1,-1,-1,-1,-1
1262,12,3,-2,1255,1263,1264,-1,-1,-1,-1,-1,-1,-1,-1,-1,-1
1263,-1,0,1,1262,-1,-1,-1,-1,-1,-1,-1,-1,-1,-1,-1,-1
1264,-1,1,1,1262,-1,-1,-1,-1,-1,-1,-1,-1,-1,-1,-1,-1
1265,-1,0,0,1242,-1,-1,-1,-1,-1,-1,-1,-1,-1,-1,-1,-1
1266,-1,1,1,1242,-1,-1,-1,-1,-1,-1,-1,-1,-1,-1,-1,-1
1267,-1,0,1,1243,-1,-1,-1,-1,-1,-1,-1,-1,-1,-1,-1,-1
1268,-1,1,1,1243,-1,-1,-1,-1,-1,-1,-1,-1,-1,-1,-1,-1
1269,-1,2,1,1243,-1,-1,-1,-1,-1,-1,-1,-1,-1,-1,-1,-1
1270,2,3,-2,1243,1279,1280,1281,-1,-1,-1,-1,-1,-1,-1,-1,-1
1271,-1,4,1,1243,-1,-1,-1,-1,-1,-1,-1,-1,-1,-1,-1,-1
1272,-1,5,1,1243,-1,-1,-1,-1,-1,-1,-1,-1,-1,-1,-1,-1
1273,9,6,-2,1243,1284,1285,-1,-1,-1,-1,-1,-1,-1,-1,-1,-1
1274,-1,7,1,1243,-1,-1,-1,-1,-1,-1,-1,-1,-1,-1,-1,-1
1275,-1,8,1,1243,-1,-1,-1,-1,-1,-1,-1,-1,-1,-1,-1,-1
1276,-1,9,1,1243,-1,-1,-1,-1,-1,-1,-1,-1,-1,-1,-1,-1
1277,2,10,-2,1243,1286,1287,1288,-1,-1,-1,-1,-1,-1,-1,-1,-1
1278,-1,11,1,1243,-1,-1,-1,-1,-1,-1,-1,-1,-1,-1,-1,-1
1279,-1,0,1,1270,-1,-1,-1,-1,-1,-1,-1,-1,-1,-1,-1,-1
1280,-1,1,1,1270,-1,-1,-1,-1,-1,-1,-1,-1,-1,-1,-1,-1
1281,0,2,-2,1270,1282,1283,-1,-1,-1,-1,-1,-1,-1,-1,-1,-1
1282,-1,0,1,1281,-1,-1,-1,-1,-1,-1,-1,-1,-1,-1,-1,-1
1283,-1,1,1,1281,-1,-1,-1,-1,-1,-1,-1,-1,-1,-1,-1,-1
1284,-1,0,0,1273,-1,-1,-1,-1,-1,-1,-1,-1,-1,-1,-1,-1
1285,-1,1,1,1273,-1,-1,-1,-1,-1,-1,-1,-1,-1,-1,-1,-1
1286,3,0,-2,1277,1289,1290,1291,1292,-1,-1,-1,-1,-1,-1,-1,-1
1287,-1,1,1,1277,-1,-1,-1,-1,-1,-1,-1,-1,-1,-1,-1,-1
1288,-1,2,1,1277,-1,-1,-1,-1,-1,-1,-1,-1,-1,-1,-1,-1
1289,-1,0,1,1286,-1,-1,-1,-1,-1,-1,-1,-1,-1,-1,-1,-1
1290,-1,1,1,1286,-1,-1,-1,-1,-1,-1,-1,-1,-1,-1,-1,-1
1291,-1,2,1,1286,-1,-1,-1,-1,-1,-1,-1,-1,-1,-1,-1,-1
1292,-1,3,1,1286,-1,-1,-1,-1,-1,-1,-1,-1,-1,-1,-1,-1
1293,-1,0,1,1244,-1,-1,-1,-1,-1,-1,-1,-1,-1,-1,-1,-1
1294,-1,1,0,1244,-1,-1,-1,-1,-1,-1,-1,-1,-1,-1,-1,-1
1295,-1,0,0,986,-1,-1,-1,-1,-1,-1,-1,-1,-1,-1,-1,-1
1296,1,1,-2,986,1299,1300,1301,1302,1303,1304,1305,1306,1307,1308,1309,1310
1297,-1,2,1,986,-1,-1,-1,-1,-1,-1,-1,-1,-1,-1,-1,-1
1298,5,3,-2,986,1315,1316,-1,-1,-1,-1,-1,-1,-1,-1,-1,-1
1299,-1,0,1,1296,-1,-1,-1,-1,-1,-1,-1,-1,-1,-1,-1,-1
1300,-1,1,1,1296,-1,-1,-1,-1,-1,-1,-1,-1,-1,-1,-1,-1
1301,-1,2,1,1296,-1,-1,-1,-1,-1,-1,-1,-1,-1,-1,-1,-1
1302,-1,3,1,1296,-1,-1,-1,-1,-1,-1,-1,-1,-1,-1,-1,-1
1303,-1,4,1,1296,-1,-1,-1,-1,-1,-1,-1,-1,-1,-1,-1,-1
1304,-1,5,1,1296,-1,-1,-1,-1,-1,-1,-1,-1,-1,-1,-1,-1
1305,-1,6,1,1296,-1,-1,-1,-1,-1,-1,-1,-1,-1,-1,-1,-1
1306,-1,7,1,1296,-1,-1,-1,-1,-1,-1,-1,-1,-1,-1,-1,-1
1307,-1,8,1,1296,-1,-1,-1,-1,-1,-1,-1,-1,-1,-1,-1,-1
1308,5,9,-2,1296,1311,1312,-1,-1,-1,-1,-1,-1,-1,-1,-1,-1
1309,9,10,-2,1296,1313,1314,-1,-1,-1,-1,-1,-1,-1,-1,-1,-1
1310,-1,11,1,1296,-1,-1,-1,-1,-1,-1,-1,-1,-1,-1,-1,-1
1311,-1,0,0,1308,-1,-1,-1,-1,-1,-1,-1,-1,-1,-1,-1,-1
1312,-1,1,1,1308,-1,-1,-1,-1,-1,-1,-1,-1,-1,-1,-1,-1
1313,-1,0,0,1309,-1,-1,-1,-1,-1,-1,-1,-1,-1,-1,-1,-1
1314,-1,1,1,1309,-1,-1,-1,-1,-1,-1,-1,-1,-1,-1,-1,-1
1315,1,0,-2,1298,1317,1318,1319,1320,1321,1322,1323,1324,1325,1326,1327,1328
1316,-1,1,0,1298,-1,-1,-1,-1,-1,-1,-1,-1,-1,-1,-1,-1
1317,-1,0,1,1315,-1,-1,-1,-1,-1,-1,-1,-1,-1,-1,-1,-1
1318,-1,1,1,1315,-1,-1,-1,-1,-1,-1,-1,-1,-1,-1,-1,-1
1319,-1,2,1,1315,-1,-1,-1,-1,-1,-1,-1,-1,-1,-1,-1,-1
1320,12,3,-2,1315,1329,1330,-1,-1,-1,-1,-1,-1,-1,-1,-1,-1
1321,-1,4,1,1315,-1,-1,-1,-1,-1,-1,-1,-1,-1,-1,-1,-1
1322,-1,5,1,1315,-1,-1,-1,-1,-1,-1,-1,-1,-1,-1,-1,-1
1323,-1,6,1,1315,-1,-1,-1,-1,-1,-1,-1,-1,-1,-1,-1,-1
1324,-1,7,1,1315,-1,-1,-1,-1,-1,-1,-1,-1,-1,-1,-1,-1
1325,-1,8,1,1315,-1,-1,-1,-1,-1,-1,-1,-1,-1,-1,-1,-1
1326,-1,9,1,1315,-1,-1,-1,-1,-1,-1,-1,-1,-1,-1,-1,-1
1327,-1,10,1,1315,-1,-1,-1,-1,-1,-1,-1,-1,-1,-1,-1,-1
1328,-1,11,1,1315,-1,-1,-1,-1,-1,-1,-1,-1,-1,-1,-1,-1
1329,-1,0,1,1320,-1,-1,-1,-1,-1,-1,-1,-1,-1,-1,-1,-1
1330,-1,1,1,1320,-1,-1,-1,-1,-1,-1,-1,-1,-1,-1,-1,-1
1331,-1,0,1,987,-1,-1,-1,-1,-1,-1,-1,-1,-1,-1,-1,-1
1332,-1,1,1,987,-1,-1,-1,-1,-1,-1,-1,-1,-1,-1,-1,-1
1333,-1,2,1,987,-1,-1,-1,-1,-1,-1,-1,-1,-1,-1,-1,-1
1334,0,3,-2,987,1343,1344,-1,-1,-1,-1,-1,-1,-1,-1,-1,-1
1335,3,4,-2,987,1347,1348,1349,1350,-1,-1,-1,-1,-1,-1,-1,-1
1336,-1,5,1,987,-1,-1,-1,-1,-1,-1,-1,-1,-1,-1,-1,-1
1337,-1,6,1,987,-1,-1,-1,-1,-1,-1,-1,-1,-1,-1,-1,-1
1338,-1,7,1,987,-1,-1,-1,-1,-1,-1,-1,-1,-1,-1,-1,-1
1339,-1,8,1,987,-1,-1,-1,-1,-1,-1,-1,-1,-1,-1,-1,-1
1340,5,9,-2,987,1351,1352,-1,-1,-1,-1,-1,-1,-1,-1,-1,-1
1341,2,10,-2,987,1357,1358,1359,-1,-1,-1,-1,-1,-1,-1,-1,-1
1342,-1,11,1,987,-1,-1,-1,-1,-1,-1,-1,-1,-1,-1,-1,-1
1343,9,0,-2,1334,1345,1346,-1,-1,-1,-1,-1,-1,-1,-1,-1,-1
1344,-1,1,1,1334,-1,-1,-1,-1,-1,-1,-1,-1,-1,-1,-1,-1
1345,-1,0,0,1343,-1,-1,-1,-1,-1,-1,-1,-1,-1,-1,-1,-1
1346,-1,1,1,1343,-1,-1,-1,-1,-1,-1,-1,-1,-1,-1,-1,-1
1347,-1,0,1,1335,-1,-1,-1,-1,-1,-1,-1,-1,-1,-1,-1,-1
1348,-1,1,1,1335,-1,-1,-1,-1,-1,-1,-1,-1,-1,-1,-1,-1
1349,-1,2,1,1335,-1,-1,-1,-1,-1,-1,-1,-1,-1,-1,-1,-1
1350,-1,3,0,1335,-1,-1,-1,-1,-1,-1,-1,-1,-1,-1,-1,-1
1351,-1,0,1,1340,-1,-1,-1,-1,-1,-1,-1,-1,-1,-1,-1,-1
1352,3,1,-2,1340,1353,1354,1355,1356,-1,-1,-1,-1,-1,-1,-1,-1
1353,-1,0,1,1352,-1,-1,-1,-1,-1,-1,-1,-1,-1,-1,-1,-1
1354,-1,1,0,1352,-1,-1,-1,-1,-1,-1,-1,-1,-1,-1,-1,-1
1355,-1,2,1,1352,-1,-1,-1,-1,-1,-1,-1,-1,-1,-1,-1,-1
1356,-1,3,1,1352,-1,-1,-1,-1,-1,-1,-1,-1,-1,-1,-1,-1
1357,-1,0,1,1341,-1,-1,-1,-1,-1,-1,-1,-1,-1,-1,-1,-1
1358,-1,1,1,1341,-1,-1,-1,-1,-1,-1,-1,-1,-1,-1,-1,-1
1359,-1,2,0,1341,-1,-1,-1,-1,-1,-1,-1,-1,-1,-1,-1,-1
1360,1,0,-2,988,1362,1363,1364,1365,1366,1367,1368,1369,1370,1371,1372,1373
1361,1,1,-2,988,1378,1379,1380,1381,1382,1383,1384,1385,1386,1387,1388,1389
1362,-1,0,1,1360,-1,-1,-1,-1,-1,-1,-1,-1,-1,-1,-1,-1
1363,-1,1,1,1360,-1,-1,-1,-1,-1,-1,-1,-1,-1,-1,-1,-1
1364,-1,2,1,1360,-1,-1,-1,-1,-1,-1,-1,-1,-1,-1,-1,-1
1365,-1,3,1,1360,-1,-1,-1,-1,-1,-1,-1,-1,-1,-1,-1,-1
1366,-1,4,1,1360,-1,-1,-1,-1,-1,-1,-1,-1,-1,-1,-1,-1
1367,-1,5,1,1360,-1,-1,-1,-1,-1,-1,-1,-1,-1,-1,-1,-1
1368,-1,6,1,1360,-1,-1,-1,-1,-1,-1,-1,-1,-1,-1,-1,-1
1369,6,7,-2,1360,1374,1375,-1,-1,-1,-1,-1,-1,-1,-1,-1,-1
1370,-1,8,1,1360,-1,-1,-1,-1,-1,-1,-1,-1,-1,-1,-1,-1
1371,-1,9,1,1360,-1,-1,-1,-1,-1,-1,-1,-1,-1,-1,-1,-1
1372,-1,10,1,1360,-1,-1,-1,-1,-1,-1,-1,-1,-1,-1,-1,-1
1373,-1,11,1,1360,-1,-1,-1,-1,-1,-1,-1,-1,-1,-1,-1,-1
1374,-1,0,1,1369,-1,-1,-1,-1,-1,-1,-1,-1,-1,-1,-1,-1
1375,0,1,-2,1369,1376,1377,-1,-1,-1,-1,-1,-1,-1,-1,-1,-1
1376,-1,0,1,1375,-1,-1,-1,-1,-1,-1,-1,-1,-1,-1,-1,-1
1377,-1,1,1,1375,-1,-1,-1,-1,-1,-1,-1,-1,-1,-1,-1,-1
1378,-1,0,1,1361,-1,-1,-1,-1,-1,-1,-1,-1,-1,-1,-1,-1
1379,-1,1,1,1361,-1,-1,-1,-1,-1,-1,-1,-1,-1,-1,-1,-1
1380,-1,2,1,1361,-1,-1,-1,-1,-1,-1,-1,-1,-1,-1,-1,-1
1381,12,3,-2,1361,1390,1391,-1,-1,-1,-1,-1,-1,-1,-1,-1,-1
1382,-1,4,1,1361,-1,-1,-1,-1,-1,-1,-1,-1,-1,-1,-1,-1
1383,-1,5,0,1361,-1,-1,-1,-1,-1,-1,-1,-1,-1,-1,-1,-1
1384,-1,6,1,1361,-1,-1,-1,-1,-1,-1,-1,-1,-1,-1,-1,-1
1385,0,7,-2,1361,1392,1393,-1,-1,-1,-1,-1,-1,-1,-1,-1,-1
1386,-1,8,1,1361,-1,-1,-1,-1,-1,-1,-1,-1,-1,-1,-1,-1
1387,-1,9,0,1361,-1,-1,-1,-1,-1,-1,-1,-1,-1,-1,-1,-1
1388,-1,10,1,1361,-1,-1,-1,-1,-1,-1,-1,-1,-1,-1,-1,-1
1389,-1,11,1,1361,-1,-1,-1,-1,-1,-1,-1,-1,-1,-1,-1,-1
1390,-1,0,1,1381,-1,-1,-1,-1,-1,-1,-1,-1,-1,-1,-1,-1
1391,-1,1,0,1381,-1,-1,-1,-1,-1,-1,-1,-1,-1,-1,-1,-1
1392,-1,0,1,1385,-1,-1,-1,-1,-1,-1,-1,-1,-1,-1,-1,-1
1393,-1,1,0,1385,-1,-1,-1,-1,-1,-1,-1,-1,-1,-1,-1,-1
1394,-1,0,0,989,-1,-1,-1,-1,-1,-1,-1,-1,-1,-1,-1,-1
1395,-1,1,0,989,-1,-1,-1,-1,-1,-1,-1,-1,-1,-1,-1,-1
1396,-1,2,0,989,-1,-1,-1,-1,-1,-1,-1,-1,-1,-1,-1,-1
1397,-1,3,0,989,-1,-1,-1,-1,-1,-1,-1,-1,-1,-1,-1,-1
1398,-1,4,0,989,-1,-1,-1,-1,-1,-1,-1,-1,-1,-1,-1,-1
1399,-1,5,0,989,-1,-1,-1,-1,-1,-1,-1,-1,-1,-1,-1,-1
1400,-1,6,1,989,-1,-1,-1,-1,-1,-1,-1,-1,-1,-1,-1,-1
1401,-1,7,1,989,-1,-1,-1,-1,-1,-1,-1,-1,-1,-1,-1,-1
1402,-1,8,0,989,-1,-1,-1,-1,-1,-1,-1,-1,-1,-1,-1,-1
1403,-1,9,0,989,-1,-1,-1,-1,-1,-1,-1,-1,-1,-1,-1,-1
1404,-1,10,0,989,-1,-1,-1,-1,-1,-1,-1,-1,-1,-1,-1,-1
1405,-1,11,0,989,-1,-1,-1,-1,-1,-1,-1,-1,-1,-1,-1,-1
